bikeid,birthyear,end_station,from_lat,from_long,from_station_id,from_station_name,gender,meters,overage,start_station,starttime,stoptime,to_lat,to_long,to_station_id,to_station_name,trip_id,tripduration,usertype
1251,1973,Damen Ave & Wellington Ave,41.9178588677,-87.668919,25,Ashland Ave & Armitage Ave,Male,2510,0,Ashland Ave & Armitage Ave,8/6/2013 18:15,8/6/2013 18:29,41.93588,-87.67842,268,Damen Ave & Wellington Ave,170855,797,Subscriber
1251,1973,Ashland Ave & Armitage Ave,41.93588,-87.67842,268,Damen Ave & Wellington Ave,Male,2423,0,Damen Ave & Wellington Ave,8/7/2013 7:40,8/7/2013 7:49,41.9178588677,-87.668919,25,Ashland Ave & Armitage Ave,172730,553,Subscriber
1251,,Greenview Ave & Fullerton Ave,41.897764,-87.642884,12,Larrabee St & Kingsbury St,,3853,0,Larrabee St & Kingsbury St,8/7/2013 18:47,8/7/2013 19:05,41.92533,-87.6658,295,Greenview Ave & Fullerton Ave,176561,1069,Customer
1251,,Larrabee St & Kingsbury St,41.92533,-87.6658,295,Greenview Ave & Fullerton Ave,,4033,0,Greenview Ave & Fullerton Ave,8/8/2013 8:12,8/8/2013 8:27,41.897764,-87.642884,12,Larrabee St & Kingsbury St,178270,879,Customer
1251,,Michigan Ave & Lake St,41.897764,-87.642884,12,Larrabee St & Kingsbury St,,2704,0,Larrabee St & Kingsbury St,8/8/2013 15:59,8/8/2013 16:14,41.8860581151,-87.6242893413,43,Michigan Ave & Lake St,181089,896,Customer
1251,1986,LaSalle St & Illinois St,41.8860581151,-87.6242893413,43,Michigan Ave & Lake St,Male,1341,0,Michigan Ave & Lake St,8/8/2013 17:03,8/8/2013 17:10,41.890749,-87.63206,430,LaSalle St & Illinois St,181640,422,Subscriber
1251,1982,Clark St & Randolph St,41.890749,-87.63206,430,LaSalle St & Illinois St,Male,865,0,LaSalle St & Illinois St,8/8/2013 17:21,8/8/2013 17:26,41.884576228,-87.63188991,5,Clark St & Randolph St,181859,295,Subscriber
1251,,Clinton St & Washington Blvd,41.884576228,-87.63188991,5,Clark St & Randolph St,,892,0,Clark St & Randolph St,8/8/2013 17:47,8/8/2013 17:54,41.88338,-87.64117,10,Clinton St & Washington Blvd,182184,410,Customer
1251,1989,Michigan Ave & Lake St,41.88338,-87.64117,10,Clinton St & Washington Blvd,Male,1742,0,Clinton St & Washington Blvd,8/8/2013 20:38,8/8/2013 21:01,41.8860581151,-87.6242893413,43,Michigan Ave & Lake St,183488,1353,Subscriber
1251,,Michigan Ave & Lake St,41.8860581151,-87.6242893413,43,Michigan Ave & Lake St,,0,2.0,Michigan Ave & Lake St,8/8/2013 21:55,8/8/2013 22:37,41.8860581151,-87.6242893413,43,Michigan Ave & Lake St,183789,2564,Customer
1251,1988,Desplaines St & Kinzie St,41.877181,-87.627844,3,State St & Van Buren St,Male,2796,0,State St & Van Buren St,8/10/2013 8:36,8/10/2013 8:47,41.888716036,-87.6444478533,39,Desplaines St & Kinzie St,191969,664,Subscriber
1251,1976,Sedgwick St & Huron St,41.888716036,-87.6444478533,39,Desplaines St & Kinzie St,Female,1296,0,Desplaines St & Kinzie St,8/10/2013 12:34,8/10/2013 12:40,41.894666,-87.638437,52,Sedgwick St & Huron St,193933,387,Subscriber
1251,,Sedgwick St & Huron St,41.894666,-87.638437,52,Sedgwick St & Huron St,,0,0,Sedgwick St & Huron St,8/10/2013 13:24,8/10/2013 13:29,41.894666,-87.638437,52,Sedgwick St & Huron St,194577,285,Customer
1251,,Morgan St & Lake St,41.894666,-87.638437,52,Sedgwick St & Huron St,,2513,0,Sedgwick St & Huron St,8/10/2013 13:34,8/10/2013 13:49,41.8854833079,-87.6523048564,72,Morgan St & Lake St,194718,917,Customer
1251,,Columbus Dr & Randolph St,41.8854833079,-87.6523048564,72,Morgan St & Lake St,,3648,0,Morgan St & Lake St,8/10/2013 13:53,8/10/2013 14:12,41.8853,-87.62077,263,Columbus Dr & Randolph St,195014,1177,Customer
1251,,Michigan Ave & Pearson St,41.8853,-87.62077,263,Columbus Dr & Randolph St,,1886,14.0,Columbus Dr & Randolph St,8/10/2013 14:36,8/10/2013 16:09,41.89766,-87.62351,34,Michigan Ave & Pearson St,195652,5574,Customer
1251,,Streeter Dr & Illinois St,41.90096039,-87.62377664,42,Michigan Ave & Oak St,,2418,2.0,Michigan Ave & Oak St,8/11/2013 9:03,8/11/2013 9:36,41.891071,-87.6122,22,Streeter Dr & Illinois St,201558,2010,Customer
1251,,Lake Shore Dr & Ohio St,41.891071,-87.6122,22,Streeter Dr & Illinois St,,6694,0,Streeter Dr & Illinois St,8/11/2013 11:40,8/11/2013 11:48,41.89257,-87.614492,337,Lake Shore Dr & Ohio St,202828,516,Customer
1251,,Lake Shore Dr & Ohio St,41.89257,-87.614492,337,Lake Shore Dr & Ohio St,,0,2.0,Lake Shore Dr & Ohio St,8/11/2013 12:38,8/11/2013 13:34,41.89257,-87.614492,337,Lake Shore Dr & Ohio St,203458,3358,Customer
1251,,Sedgwick St & Webster Ave,41.89257,-87.614492,337,Lake Shore Dr & Ohio St,,5106,2.0,Lake Shore Dr & Ohio St,8/11/2013 14:40,8/11/2013 15:25,41.92197,-87.63854,191,Sedgwick St & Webster Ave,204999,2693,Customer
1251,,Streeter Dr & Illinois St,41.92197,-87.63854,191,Sedgwick St & Webster Ave,,5026,2.0,Sedgwick St & Webster Ave,8/11/2013 16:40,8/11/2013 17:33,41.891071,-87.6122,22,Streeter Dr & Illinois St,206455,3164,Customer
1251,,Wabash Ave & Roosevelt Rd,41.891071,-87.6122,22,Streeter Dr & Illinois St,,4372,0,Streeter Dr & Illinois St,8/11/2013 18:04,8/11/2013 18:26,41.8671729952,-87.6259550069,31,Wabash Ave & Roosevelt Rd,207250,1302,Customer
1251,1990,State St & 19th St,41.8671729952,-87.6259550069,31,Wabash Ave & Roosevelt Rd,Male,1806,0,Wabash Ave & Roosevelt Rd,8/12/2013 8:09,8/12/2013 8:15,41.856594,-87.627542,408,State St & 19th St,209150,349,Subscriber
1251,1970,Daley Center Plaza,41.856594,-87.627542,408,State St & 19th St,Male,3918,0,State St & 19th St,8/13/2013 8:09,8/13/2013 8:22,41.884337,-87.630183,23,Daley Center Plaza,215161,799,Subscriber
1251,,Michigan Ave & Washington St,41.884337,-87.630183,23,Daley Center Plaza,,1173,0,Daley Center Plaza,8/13/2013 8:47,8/13/2013 9:02,41.8838927658,-87.6246491409,1,Michigan Ave & Washington St,215428,902,Customer
1251,1989,Clark St & Congress Pkwy,41.8838927658,-87.6246491409,1,Michigan Ave & Washington St,Male,1399,0,Michigan Ave & Washington St,8/13/2013 12:12,8/13/2013 12:21,41.8759326655,-87.6305845355,9,Clark St & Congress Pkwy,216669,561,Subscriber
1251,1955,Sedgwick St & Huron St,41.8759326655,-87.6305845355,9,Clark St & Congress Pkwy,Male,2957,0,Clark St & Congress Pkwy,8/13/2013 14:47,8/13/2013 15:05,41.894666,-87.638437,52,Sedgwick St & Huron St,217752,1070,Subscriber
1251,,Aberdeen St & Madison St,41.894666,-87.638437,52,Sedgwick St & Huron St,,3237,0,Sedgwick St & Huron St,8/13/2013 16:47,8/13/2013 17:03,41.881487,-87.654752,156,Aberdeen St & Madison St,218854,926,Customer
1251,1984,Jefferson St & Monroe St,41.881487,-87.654752,156,Aberdeen St & Madison St,Male,1134,0,Aberdeen St & Madison St,8/13/2013 17:52,8/13/2013 17:57,41.880422,-87.642746,38,Jefferson St & Monroe St,219706,305,Subscriber
1251,,Wabash Ave & Roosevelt Rd,41.880422,-87.642746,38,Jefferson St & Monroe St,,2878,0,Jefferson St & Monroe St,8/14/2013 18:01,8/14/2013 18:11,41.8671729952,-87.6259550069,31,Wabash Ave & Roosevelt Rd,226415,628,Customer
1251,,Clinton St & 18th St,41.8671729952,-87.6259550069,31,Wabash Ave & Roosevelt Rd,,2338,0,Wabash Ave & Roosevelt Rd,8/14/2013 18:55,8/14/2013 19:07,41.85795,-87.640826,329,Clinton St & 18th St,226859,741,Customer
1251,1983,Michigan Ave & 14th St,41.85795,-87.640826,329,Clinton St & 18th St,Male,2835,0,Clinton St & 18th St,8/16/2013 17:06,8/16/2013 17:27,41.864059,-87.623727,310,Michigan Ave & 14th St,240373,1253,Subscriber
1251,1974,Wells St & Polk St,41.864059,-87.623727,310,Michigan Ave & 14th St,Male,1743,0,Michigan Ave & 14th St,8/16/2013 18:20,8/16/2013 18:33,41.872373,-87.633523,344,Wells St & Polk St,241312,752,Subscriber
1251,,Millennium Park,41.872373,-87.633523,344,Wells St & Polk St,,1775,0,Wells St & Polk St,8/16/2013 20:43,8/16/2013 20:56,41.8810317,-87.62408432,8,Millennium Park,242495,788,Customer
1251,,Millennium Park,41.8810317,-87.62408432,8,Millennium Park,,0,0,Millennium Park,8/16/2013 22:07,8/16/2013 22:36,41.8810317,-87.62408432,8,Millennium Park,242858,1739,Customer
1251,,Clark St & North Ave,41.8810317,-87.62408432,8,Millennium Park,,3971,2.0,Millennium Park,8/17/2013 12:31,8/17/2013 13:10,41.911791,-87.631841,128,Clark St & North Ave,246460,2389,Customer
1251,,Sheffield Ave & Addison St,41.911791,-87.631841,128,Clark St & North Ave,,4364,2.0,Clark St & North Ave,8/17/2013 13:28,8/17/2013 14:09,41.94688,-87.65445,62,Sheffield Ave & Addison St,247362,2450,Customer
1251,,Wilton Ave & Diversey Pkwy,41.94688,-87.65445,62,Sheffield Ave & Addison St,,1705,0,Sheffield Ave & Addison St,8/17/2013 16:48,8/17/2013 16:59,41.93250008,-87.65268082,66,Wilton Ave & Diversey Pkwy,250252,641,Customer
1251,,Sheffield Ave & Addison St,41.93250008,-87.65268082,66,Wilton Ave & Diversey Pkwy,,2075,0,Wilton Ave & Diversey Pkwy,8/17/2013 17:04,8/17/2013 17:13,41.94688,-87.65445,62,Sheffield Ave & Addison St,250475,572,Customer
1251,,Southport Ave & Roscoe St,41.915689,-87.6346,179,Clark St & Lincoln Ave,,4186,0,Clark St & Lincoln Ave,8/18/2013 9:39,8/18/2013 9:55,41.943739,-87.66402,71,Southport Ave & Roscoe St,255114,962,Customer
1251,,Theater on the Lake,41.943739,-87.66402,71,Southport Ave & Roscoe St,,4441,0,Southport Ave & Roscoe St,8/18/2013 11:44,8/18/2013 12:10,41.926277,-87.630834,350,Theater on the Lake,256441,1530,Customer
1251,,Museum Campus,41.926277,-87.630834,350,Theater on the Lake,,8442,14.0,Theater on the Lake,8/18/2013 12:12,8/18/2013 14:00,41.865212,-87.617759,29,Museum Campus,256784,6475,Customer
1251,,Clinton St & Roosevelt Rd,41.8601213774,-87.6277291853,148,State St & 16th St,,2656,0,State St & 16th St,8/18/2013 14:14,8/18/2013 14:31,41.8671177825,-87.6410879593,327,Clinton St & Roosevelt Rd,258672,990,Customer
1251,,State St & 16th St,41.8671177825,-87.6410879593,327,Clinton St & Roosevelt Rd,,1960,0,Clinton St & Roosevelt Rd,8/18/2013 15:28,8/18/2013 15:43,41.8601213774,-87.6277291853,148,State St & 16th St,259810,881,Customer
1251,,Congress Pkwy & Ogden Ave,41.8601213774,-87.6277291853,148,State St & 16th St,,5659,2.0,State St & 16th St,8/18/2013 18:11,8/18/2013 18:47,41.87501,-87.67328,0,Congress Pkwy & Ogden Ave,262196,2160,Customer
1251,1970,Dearborn St & Monroe St,41.8777079559,-87.6353211408,19,Franklin St & Jackson Blvd,Male,886,0,Franklin St & Jackson Blvd,8/20/2013 8:43,8/20/2013 9:05,41.881319815,-87.6295209193,49,Dearborn St & Monroe St,273396,1301,Subscriber
1251,,State St & Pearson St,41.881319815,-87.6295209193,49,Dearborn St & Monroe St,,1973,0,Dearborn St & Monroe St,8/20/2013 17:09,8/20/2013 17:21,41.897448,-87.628722,14,State St & Pearson St,277006,715,Customer
1251,1986,LaSalle St & Washington St,41.897448,-87.628722,14,State St & Pearson St,Male,2091,0,State St & Pearson St,8/20/2013 20:31,8/20/2013 20:44,41.882664,-87.63253,6,LaSalle St & Washington St,279336,814,Subscriber
1251,,Dayton St & North Ave,41.882664,-87.63253,6,LaSalle St & Washington St,,3986,0,LaSalle St & Washington St,8/20/2013 23:05,8/20/2013 23:25,41.9105780349,-87.6494219288,58,Dayton St & North Ave,280207,1201,Customer
1251,,Lincoln Ave & Roscoe St,41.9105780349,-87.6494219288,58,Dayton St & North Ave,,4415,0,Dayton St & North Ave,8/20/2013 23:27,8/20/2013 23:51,41.94334,-87.67097,78,Lincoln Ave & Roscoe St,280304,1433,Customer
1251,,Larrabee St & Webster Ave,41.915689,-87.6346,179,Clark St & Lincoln Ave,,1086,2.0,Clark St & Lincoln Ave,8/21/2013 11:25,8/21/2013 12:11,41.92175,-87.64401,193,Larrabee St & Webster Ave,282526,2775,Customer
1251,1983,Lake Shore Dr & Ohio St,41.92175,-87.64401,193,Larrabee St & Webster Ave,Male,4680,0,Larrabee St & Webster Ave,8/21/2013 14:01,8/21/2013 14:20,41.89257,-87.614492,337,Lake Shore Dr & Ohio St,283718,1153,Subscriber
1251,,Lake Shore Dr & Ohio St,41.89257,-87.614492,337,Lake Shore Dr & Ohio St,,0,0,Lake Shore Dr & Ohio St,8/21/2013 14:50,8/21/2013 15:16,41.89257,-87.614492,337,Lake Shore Dr & Ohio St,284097,1538,Customer
1251,,Theater on the Lake,41.89257,-87.614492,337,Lake Shore Dr & Ohio St,,5118,0,Lake Shore Dr & Ohio St,8/21/2013 18:15,8/21/2013 18:41,41.926277,-87.630834,350,Theater on the Lake,286203,1574,Customer
1251,,Sheridan Rd & Montrose Ave,41.926277,-87.630834,350,Theater on the Lake,,5246,0,Theater on the Lake,8/21/2013 18:45,8/21/2013 19:11,41.96167,-87.65464,130,Sheridan Rd & Montrose Ave,286510,1585,Customer
1251,,Sheridan Rd & Montrose Ave,41.96167,-87.65464,130,Sheridan Rd & Montrose Ave,,0,2.0,Sheridan Rd & Montrose Ave,8/21/2013 22:49,8/21/2013 23:33,41.96167,-87.65464,130,Sheridan Rd & Montrose Ave,287993,2631,Customer
1251,,Sheridan Rd & Montrose Ave,41.96167,-87.65464,130,Sheridan Rd & Montrose Ave,,0,0,Sheridan Rd & Montrose Ave,8/22/2013 16:02,8/22/2013 16:19,41.96167,-87.65464,130,Sheridan Rd & Montrose Ave,291046,1020,Customer
1251,,Theater on the Lake,41.96167,-87.65464,130,Sheridan Rd & Montrose Ave,,5241,0,Sheridan Rd & Montrose Ave,8/22/2013 16:25,8/22/2013 16:39,41.926277,-87.630834,350,Theater on the Lake,291169,864,Customer
1251,,Lake Shore Dr & Wellington Ave,41.926277,-87.630834,350,Theater on the Lake,,1659,0,Theater on the Lake,8/22/2013 16:44,8/22/2013 17:07,41.936669,-87.636794,234,Lake Shore Dr & Wellington Ave,291302,1392,Customer
1251,,Dearborn Pkwy & Delaware Pl,41.897448,-87.628722,14,State St & Pearson St,,343,2.0,State St & Pearson St,8/23/2013 13:44,8/23/2013 14:36,41.899007,-87.629928,173,Dearborn Pkwy & Delaware Pl,297850,3101,Customer
1251,1973,LaSalle St & Washington St,41.899007,-87.629928,173,Dearborn Pkwy & Delaware Pl,Male,2263,0,Dearborn Pkwy & Delaware Pl,8/23/2013 14:40,8/23/2013 14:49,41.882664,-87.63253,6,LaSalle St & Washington St,298385,586,Subscriber
1251,1969,Michigan Ave & Madison St,41.882664,-87.63253,6,LaSalle St & Washington St,Male,892,0,LaSalle St & Washington St,8/23/2013 15:26,8/23/2013 15:30,41.882134,-87.625125,36,Michigan Ave & Madison St,298891,277,Subscriber
1251,1979,Milwaukee Ave & Rockwell St,41.882134,-87.625125,36,Michigan Ave & Madison St,Male,7704,0,Michigan Ave & Madison St,8/23/2013 16:37,8/23/2013 17:06,41.920195,-87.693033,242,Milwaukee Ave & Rockwell St,299843,1755,Subscriber
1251,1986,Western Ave & Winnebago Ave,41.920195,-87.693033,242,Milwaukee Ave & Rockwell St,Male,1108,0,Milwaukee Ave & Rockwell St,8/23/2013 23:19,8/23/2013 23:23,41.915533,-87.687051,68,Western Ave & Winnebago Ave,303252,200,Subscriber
1251,,Ashland Ave & Armitage Ave,41.915533,-87.687051,68,Western Ave & Winnebago Ave,,1761,0,Western Ave & Winnebago Ave,8/25/2013 12:47,8/25/2013 12:57,41.9178588677,-87.668919,25,Ashland Ave & Armitage Ave,319142,601,Customer
1251,,Milwaukee Ave & Wabansia Ave,41.9178588677,-87.668919,25,Ashland Ave & Armitage Ave,,1768,0,Ashland Ave & Armitage Ave,8/25/2013 13:50,8/25/2013 13:58,41.912616,-87.681391,243,Milwaukee Ave & Wabansia Ave,320192,517,Customer
1251,,Campbell Ave & North Ave,41.912616,-87.681391,243,Milwaukee Ave & Wabansia Ave,,913,0,Milwaukee Ave & Wabansia Ave,8/25/2013 14:14,8/25/2013 14:19,41.910535,-87.689556,257,Campbell Ave & North Ave,320575,275,Customer
1251,,Clark St & Elm St,41.910535,-87.689556,257,Campbell Ave & North Ave,,5506,0,Campbell Ave & North Ave,8/25/2013 14:38,8/25/2013 15:03,41.903233,-87.631253,349,Clark St & Elm St,320948,1494,Customer
1251,1985,Wilton Ave & Diversey Pkwy,41.88175,-87.6478,159,Halsted St & Madison St,Male,5958,0,Halsted St & Madison St,8/25/2013 15:49,8/25/2013 16:11,41.93250008,-87.65268082,66,Wilton Ave & Diversey Pkwy,321991,1304,Subscriber
1251,1991,Racine Ave & Fullerton Ave,41.93250008,-87.65268082,66,Wilton Ave & Diversey Pkwy,Male,1265,0,Wilton Ave & Diversey Pkwy,8/25/2013 16:19,8/25/2013 16:24,41.92556258,-87.65840426,189,Racine Ave & Fullerton Ave,322424,319,Subscriber
1251,,Racine Ave & Fullerton Ave,41.92556258,-87.65840426,189,Racine Ave & Fullerton Ave,,0,14.0,Racine Ave & Fullerton Ave,8/25/2013 19:01,8/25/2013 20:49,41.92556258,-87.65840426,189,Racine Ave & Fullerton Ave,324372,6436,Customer
1251,1986,Clark St & Congress Pkwy,41.92556258,-87.65840426,189,Racine Ave & Fullerton Ave,Male,7099,0,Racine Ave & Fullerton Ave,8/26/2013 7:26,8/26/2013 7:54,41.8759326655,-87.6305845355,9,Clark St & Congress Pkwy,326729,1688,Subscriber
1251,1980,Michigan Ave & Lake St,41.8759326655,-87.6305845355,9,Clark St & Congress Pkwy,Male,1987,0,Clark St & Congress Pkwy,8/26/2013 8:16,8/26/2013 8:25,41.8860581151,-87.6242893413,43,Michigan Ave & Lake St,327118,563,Subscriber
1251,1976,Fairbanks Ct & Grand Ave,41.8860581151,-87.6242893413,43,Michigan Ave & Lake St,Male,1163,0,Michigan Ave & Lake St,8/26/2013 8:57,8/26/2013 9:05,41.89186,-87.62062,262,Fairbanks Ct & Grand Ave,327491,456,Subscriber
1251,,Millennium Park,41.89186,-87.62062,262,Fairbanks Ct & Grand Ave,,1932,0,Fairbanks Ct & Grand Ave,8/26/2013 11:04,8/26/2013 11:22,41.8810317,-87.62408432,8,Millennium Park,328241,1052,Customer
1251,,Franklin St & Jackson Blvd,41.882134,-87.625125,36,Michigan Ave & Madison St,,1510,0,Michigan Ave & Madison St,8/26/2013 13:35,8/26/2013 13:47,41.8777079559,-87.6353211408,19,Franklin St & Jackson Blvd,329350,722,Customer
1251,1958,State St & Van Buren St,41.8777079559,-87.6353211408,19,Franklin St & Jackson Blvd,Male,1103,0,Franklin St & Jackson Blvd,8/26/2013 13:53,8/26/2013 13:58,41.877181,-87.627844,3,State St & Van Buren St,329496,355,Subscriber
1251,1958,Clark St & Congress Pkwy,41.877181,-87.627844,3,State St & Van Buren St,Male,389,0,State St & Van Buren St,8/26/2013 17:22,8/26/2013 17:24,41.8759326655,-87.6305845355,9,Clark St & Congress Pkwy,331440,144,Subscriber
1251,,Museum Campus,41.8759326655,-87.6305845355,9,Clark St & Congress Pkwy,,2858,0,Clark St & Congress Pkwy,8/26/2013 19:08,8/26/2013 19:28,41.865212,-87.617759,29,Museum Campus,332598,1187,Customer
1251,,Halsted St & Polk St,41.865212,-87.617759,29,Museum Campus,,4012,0,Museum Campus,8/26/2013 23:07,8/26/2013 23:18,41.87184,-87.64664,27,Halsted St & Polk St,334021,631,Customer
1251,,Wells St & Polk St,41.87184,-87.64664,27,Halsted St & Polk St,,1745,0,Halsted St & Polk St,8/26/2013 23:48,8/27/2013 0:11,41.872373,-87.633523,344,Wells St & Polk St,334125,1389,Customer
1251,,McClurg Ct & Illinois St,41.87811421,-87.63997112,138,Canal St & Jackson Blvd,,3316,2.0,Canal St & Jackson Blvd,8/27/2013 12:14,8/27/2013 12:49,41.89102,-87.6173,51,McClurg Ct & Illinois St,336539,2084,Customer
1251,,Streeter Dr & Illinois St,41.89102,-87.6173,51,McClurg Ct & Illinois St,,422,2.0,McClurg Ct & Illinois St,8/27/2013 14:58,8/27/2013 15:51,41.891071,-87.6122,22,Streeter Dr & Illinois St,337570,3204,Customer
1251,,Theater on the Lake,41.891071,-87.6122,22,Streeter Dr & Illinois St,,4714,0,Streeter Dr & Illinois St,8/27/2013 19:30,8/27/2013 19:46,41.926277,-87.630834,350,Theater on the Lake,340088,915,Customer
1251,,Sheridan Rd & Montrose Ave,41.926277,-87.630834,350,Theater on the Lake,,5246,0,Theater on the Lake,8/27/2013 20:40,8/27/2013 21:02,41.96167,-87.65464,130,Sheridan Rd & Montrose Ave,340514,1335,Customer
1251,,State St & Harrison St,41.882091,-87.639833,341,Canal St & Madison St,,2169,0,Canal St & Madison St,8/28/2013 16:25,8/28/2013 16:33,41.8739580629,-87.6277394859,30,State St & Harrison St,345504,524,Customer
1251,,McCormick Place,41.8739580629,-87.6277394859,30,State St & Harrison St,,3163,38.0,State St & Harrison St,8/28/2013 16:57,8/28/2013 20:21,41.8513751729,-87.6188346489,106,McCormick Place,345855,12186,Customer
1251,,Canal St & Monroe St,41.8513751729,-87.6188346489,106,McCormick Place,,4907,0,McCormick Place,8/29/2013 5:56,8/29/2013 5:59,41.8807,-87.63947,56,Canal St & Monroe St,348948,214,Customer
1251,1985,Clinton St & Lake St,41.8807,-87.63947,56,Canal St & Monroe St,Male,872,0,Canal St & Monroe St,8/29/2013 16:09,8/29/2013 16:11,41.8858327415,-87.6413823149,21,Clinton St & Lake St,352985,135,Subscriber
1251,,State St & Harrison St,41.8858327415,-87.6413823149,21,Clinton St & Lake St,,2465,0,Clinton St & Lake St,8/29/2013 16:29,8/29/2013 16:42,41.8739580629,-87.6277394859,30,State St & Harrison St,353218,758,Customer
1251,,Ashland Ave & Division St,41.8739580629,-87.6277394859,30,State St & Harrison St,,5959,0,State St & Harrison St,8/29/2013 17:02,8/29/2013 17:30,41.903456,-87.66777,61,Ashland Ave & Division St,353579,1679,Customer
1251,1988,Desplaines St & Kinzie St,41.903456,-87.66777,61,Ashland Ave & Division St,Male,2572,0,Ashland Ave & Division St,8/30/2013 8:07,8/30/2013 8:22,41.888716036,-87.6444478533,39,Desplaines St & Kinzie St,357655,864,Subscriber
1251,,Damen Ave & Division St,41.888716036,-87.6444478533,39,Desplaines St & Kinzie St,,3332,2.0,Desplaines St & Kinzie St,8/30/2013 10:57,8/30/2013 11:28,41.90331,-87.67695,136,Damen Ave & Division St,358878,1874,Customer
1251,1979,Green St & Milwaukee Ave,41.912616,-87.681391,243,Milwaukee Ave & Wabansia Ave,Female,3580,0,Milwaukee Ave & Wabansia Ave,8/31/2013 15:45,8/31/2013 16:00,41.891733,-87.648727,33,Green St & Milwaukee Ave,367115,867,Subscriber
1251,1979,Michigan Ave & Washington St,41.891733,-87.648727,33,Green St & Milwaukee Ave,Female,2889,0,Green St & Milwaukee Ave,8/31/2013 16:00,8/31/2013 16:17,41.8838927658,-87.6246491409,1,Michigan Ave & Washington St,367292,1040,Subscriber
1251,,Lake Shore Dr & Monroe St,41.8838927658,-87.6246491409,1,Michigan Ave & Washington St,,1455,0,Michigan Ave & Washington St,8/31/2013 16:19,8/31/2013 16:42,41.88105,-87.61697,300,Lake Shore Dr & Monroe St,367533,1374,Customer
1251,,Streeter Dr & Illinois St,41.88105,-87.61697,300,Lake Shore Dr & Monroe St,,1455,0,Lake Shore Dr & Monroe St,8/31/2013 16:51,8/31/2013 17:06,41.891071,-87.6122,22,Streeter Dr & Illinois St,367938,892,Customer
1251,,Streeter Dr & Illinois St,41.891071,-87.6122,22,Streeter Dr & Illinois St,,0,14.0,Streeter Dr & Illinois St,8/31/2013 17:11,8/31/2013 18:52,41.891071,-87.6122,22,Streeter Dr & Illinois St,368203,6088,Customer
1251,,Columbus Dr & Randolph St,41.891071,-87.6122,22,Streeter Dr & Illinois St,,2193,2.0,Streeter Dr & Illinois St,8/31/2013 19:03,8/31/2013 19:53,41.8853,-87.62077,263,Columbus Dr & Randolph St,369379,2968,Customer
1251,,Hampden Ct & Diversey Pkwy,41.9267559875,-87.6344287848,124,Cannon Dr & Fullerton Ave,,1381,0,Cannon Dr & Fullerton Ave,9/1/2013 0:33,9/1/2013 0:44,41.93262,-87.642385,123,Hampden Ct & Diversey Pkwy,371221,664,Customer
1251,,Clark St & Waveland Ave,41.918273,-87.638116,146,Lincoln Ave & Armitage Ave,,4042,0,Lincoln Ave & Armitage Ave,9/1/2013 12:23,9/1/2013 12:43,41.94893,-87.65775,275,Clark St & Waveland Ave,374180,1190,Customer
1251,1988,Ravenswood Ave & Irving Park Rd,41.94893,-87.65775,275,Clark St & Waveland Ave,Male,2288,0,Clark St & Waveland Ave,9/1/2013 13:58,9/1/2013 14:05,41.95469,-87.67393,87,Ravenswood Ave & Irving Park Rd,375977,469,Subscriber
1251,1988,Clark St & Waveland Ave,41.95469,-87.67393,87,Ravenswood Ave & Irving Park Rd,Male,2288,0,Ravenswood Ave & Irving Park Rd,9/1/2013 15:03,9/1/2013 15:24,41.94893,-87.65775,275,Clark St & Waveland Ave,377189,1246,Subscriber
1251,,Theater on the Lake,41.94893,-87.65775,275,Clark St & Waveland Ave,,4182,0,Clark St & Waveland Ave,9/1/2013 15:34,9/1/2013 15:58,41.926277,-87.630834,350,Theater on the Lake,377799,1458,Customer
1251,,Halsted St & 35th St,41.926277,-87.630834,350,Theater on the Lake,,14042,6.0,Theater on the Lake,9/1/2013 16:12,9/1/2013 17:33,41.830661,-87.647172,413,Halsted St & 35th St,378608,4832,Customer
1251,,Museum Campus,41.830661,-87.647172,413,Halsted St & 35th St,,6001,2.0,Halsted St & 35th St,9/1/2013 17:36,9/1/2013 18:13,41.865212,-87.617759,29,Museum Campus,380141,2252,Customer
1251,,Museum Campus,41.865212,-87.617759,29,Museum Campus,,0,0,Museum Campus,9/1/2013 18:16,9/1/2013 18:38,41.865212,-87.617759,29,Museum Campus,380766,1265,Customer
1251,,State St & Van Buren St,41.865212,-87.617759,29,Museum Campus,,2731,0,Museum Campus,9/1/2013 18:56,9/1/2013 19:16,41.877181,-87.627844,3,State St & Van Buren St,381411,1190,Customer
1251,1988,State St & Harrison St,41.877181,-87.627844,3,State St & Van Buren St,Male,360,0,State St & Van Buren St,9/1/2013 19:20,9/1/2013 19:22,41.8739580629,-87.6277394859,30,State St & Harrison St,381780,140,Subscriber
1251,,Columbus Dr & Randolph St,41.8739580629,-87.6277394859,30,State St & Harrison St,,2200,0,State St & Harrison St,9/1/2013 19:41,9/1/2013 20:05,41.8853,-87.62077,263,Columbus Dr & Randolph St,382075,1461,Customer
1251,,Lake Shore Dr & Monroe St,41.8853,-87.62077,263,Columbus Dr & Randolph St,,1786,0,Columbus Dr & Randolph St,9/1/2013 20:08,9/1/2013 20:27,41.88105,-87.61697,300,Lake Shore Dr & Monroe St,382443,1106,Customer
1251,,Streeter Dr & Illinois St,41.88105,-87.61697,300,Lake Shore Dr & Monroe St,,1455,0,Lake Shore Dr & Monroe St,9/1/2013 21:16,9/1/2013 21:42,41.891071,-87.6122,22,Streeter Dr & Illinois St,382996,1576,Customer
1251,,Lake Shore Dr & Monroe St,41.891071,-87.6122,22,Streeter Dr & Illinois St,,1830,0,Streeter Dr & Illinois St,9/1/2013 23:28,9/1/2013 23:39,41.88105,-87.61697,300,Lake Shore Dr & Monroe St,383699,680,Customer
1251,,Lake Shore Dr & Monroe St,41.88105,-87.61697,300,Lake Shore Dr & Monroe St,,0,2.0,Lake Shore Dr & Monroe St,9/1/2013 23:53,9/2/2013 0:27,41.88105,-87.61697,300,Lake Shore Dr & Monroe St,383774,2020,Customer
1251,,Franklin St & Jackson Blvd,41.8810317,-87.62408432,8,Millennium Park,,1702,0,Millennium Park,9/2/2013 8:00,9/2/2013 8:10,41.8777079559,-87.6353211408,19,Franklin St & Jackson Blvd,384418,577,Customer
1251,,State St & 16th St,41.8777079559,-87.6353211408,19,Franklin St & Jackson Blvd,,2710,2.0,Franklin St & Jackson Blvd,9/2/2013 11:48,9/2/2013 12:39,41.8601213774,-87.6277291853,148,State St & 16th St,386665,3098,Customer
1251,,Fort Dearborn Dr & 31st St,41.8601213774,-87.6277291853,148,State St & 16th St,,4080,2.0,State St & 16th St,9/2/2013 12:44,9/2/2013 13:20,41.838556,-87.608218,220,Fort Dearborn Dr & 31st St,387656,2171,Customer
1251,,Martin Luther King Dr & 29th St,41.838556,-87.608218,220,Fort Dearborn Dr & 31st St,,1160,0,Fort Dearborn Dr & 31st St,9/2/2013 13:41,9/2/2013 13:49,41.842052,-87.617,214,Martin Luther King Dr & 29th St,388754,474,Customer
1251,,Michigan Ave & 14th St,41.842052,-87.617,214,Martin Luther King Dr & 29th St,,2852,0,Martin Luther King Dr & 29th St,9/2/2013 18:45,9/2/2013 19:00,41.864059,-87.623727,310,Michigan Ave & 14th St,394093,904,Customer
1251,,Millennium Park,41.864059,-87.623727,310,Michigan Ave & 14th St,,2129,0,Michigan Ave & 14th St,9/2/2013 19:05,9/2/2013 19:22,41.8810317,-87.62408432,8,Millennium Park,394304,1022,Customer
1251,,Wabash Ave & Grand Ave,41.8810317,-87.62408432,8,Millennium Park,,1377,0,Millennium Park,9/2/2013 21:30,9/2/2013 21:46,41.891738,-87.626937,4,Wabash Ave & Grand Ave,395179,975,Customer
1251,1974,St Clair St & Erie St,41.891738,-87.626937,4,Wabash Ave & Grand Ave,Male,842,0,Wabash Ave & Grand Ave,9/3/2013 8:38,9/3/2013 8:44,41.894448,-87.622663,16,St Clair St & Erie St,396783,324,Subscriber
1251,1974,State St & Randolph St,41.894448,-87.622663,16,St Clair St & Erie St,Male,1497,0,St Clair St & Erie St,9/3/2013 9:51,9/3/2013 9:59,41.8847302006,-87.6277335692,2,State St & Randolph St,397309,491,Subscriber
1251,,Canal St & Adams St,41.8847302006,-87.6277335692,2,State St & Randolph St,,1613,0,State St & Randolph St,9/3/2013 10:50,9/3/2013 11:00,41.87923,-87.640015,11,Canal St & Adams St,397670,570,Customer
1251,1979,Canal St & Harrison St,41.87923,-87.640015,11,Canal St & Adams St,Male,756,0,Canal St & Adams St,9/3/2013 12:59,9/3/2013 13:01,41.874337,-87.639566,326,Canal St & Harrison St,398659,155,Subscriber
1251,1979,Canal St & Monroe St,41.874337,-87.639566,326,Canal St & Harrison St,Male,727,0,Canal St & Harrison St,9/3/2013 13:24,9/3/2013 13:28,41.8807,-87.63947,56,Canal St & Monroe St,398844,223,Subscriber
1251,,State St & 16th St,41.882134,-87.625125,36,Michigan Ave & Madison St,,2692,0,Michigan Ave & Madison St,9/3/2013 17:04,9/3/2013 17:17,41.8601213774,-87.6277291853,148,State St & 16th St,400798,746,Customer
1251,,Lake Shore Dr & Monroe St,41.882134,-87.625125,36,Michigan Ave & Madison St,,1486,0,Michigan Ave & Madison St,9/3/2013 20:54,9/3/2013 21:09,41.88105,-87.61697,300,Lake Shore Dr & Monroe St,403139,899,Customer
1251,,Wabash Ave & Grand Ave,41.88105,-87.61697,300,Lake Shore Dr & Monroe St,,2505,0,Lake Shore Dr & Monroe St,9/3/2013 21:23,9/3/2013 21:40,41.891738,-87.626937,4,Wabash Ave & Grand Ave,403269,1034,Customer
1251,,Wabash Ave & Grand Ave,41.891738,-87.626937,4,Wabash Ave & Grand Ave,,0,0,Wabash Ave & Grand Ave,9/3/2013 21:50,9/3/2013 21:52,41.891738,-87.626937,4,Wabash Ave & Grand Ave,403366,165,Customer
1251,,Daley Center Plaza,41.891738,-87.626937,4,Wabash Ave & Grand Ave,,1329,0,Wabash Ave & Grand Ave,9/3/2013 22:40,9/3/2013 22:51,41.884337,-87.630183,23,Daley Center Plaza,403550,681,Customer
1251,,Clinton St & Tilden St,41.884337,-87.630183,23,Daley Center Plaza,,1843,6.0,Daley Center Plaza,9/4/2013 7:13,9/4/2013 8:26,41.875885,-87.640795,37,Clinton St & Tilden St,404152,4373,Customer
1251,1989,Clinton St & Roosevelt Rd,41.875885,-87.640795,37,Clinton St & Tilden St,Female,1011,0,Clinton St & Tilden St,9/6/2013 16:09,9/6/2013 16:13,41.8671177825,-87.6410879593,327,Clinton St & Roosevelt Rd,426689,267,Subscriber
1251,1978,Halsted St & James M Rochford St,41.8671177825,-87.6410879593,327,Clinton St & Roosevelt Rd,Female,689,0,Clinton St & Roosevelt Rd,9/6/2013 17:13,9/6/2013 17:19,41.865861,-87.646611,166,Halsted St & James M Rochford St,427701,341,Subscriber
1251,,Wabash Ave & Cermak Rd,41.865861,-87.646611,166,Halsted St & James M Rochford St,,3476,0,Halsted St & James M Rochford St,9/6/2013 17:57,9/6/2013 18:24,41.8532387578,-87.6253370902,170,Wabash Ave & Cermak Rd,428482,1619,Customer
1251,,State St & Kinzie St,41.8532387578,-87.6253370902,170,Wabash Ave & Cermak Rd,,6672,0,Wabash Ave & Cermak Rd,9/6/2013 23:44,9/7/2013 0:10,41.88918,-87.6277,50,State St & Kinzie St,431058,1526,Customer
1251,,Clinton St & Lake St,41.88918,-87.6277,50,State St & Kinzie St,,1492,0,State St & Kinzie St,9/7/2013 0:23,9/7/2013 0:33,41.8858327415,-87.6413823149,21,Clinton St & Lake St,431182,560,Customer
1251,,Ashland Ave & Wellington Ave,41.8858327415,-87.6413823149,21,Clinton St & Lake St,,7796,0,Clinton St & Lake St,9/7/2013 9:01,9/7/2013 9:26,41.936083,-87.669807,269,Ashland Ave & Wellington Ave,432086,1508,Customer
1251,1988,Loomis St & Taylor St,41.936083,-87.669807,269,Ashland Ave & Wellington Ave,Male,9806,0,Ashland Ave & Wellington Ave,9/7/2013 10:24,9/7/2013 10:40,41.869417,-87.660996,139,Loomis St & Taylor St,432738,942,Subscriber
1251,,Ashland Ave & Division St,41.869417,-87.660996,139,Loomis St & Taylor St,,5037,0,Loomis St & Taylor St,9/7/2013 12:11,9/7/2013 12:31,41.903456,-87.66777,61,Ashland Ave & Division St,434140,1198,Customer
1251,1987,Morgan St & Lake St,41.903456,-87.66777,61,Ashland Ave & Division St,Male,3053,0,Ashland Ave & Division St,9/7/2013 15:18,9/7/2013 15:27,41.8854833079,-87.6523048564,72,Morgan St & Lake St,437192,590,Subscriber
1251,1987,Ashland Ave & Division St,41.8854833079,-87.6523048564,72,Morgan St & Lake St,Male,3050,0,Morgan St & Lake St,9/7/2013 17:32,9/7/2013 17:43,41.903456,-87.66777,61,Ashland Ave & Division St,439126,677,Subscriber
1251,,State St & 16th St,41.8671729952,-87.6259550069,31,Wabash Ave & Roosevelt Rd,,949,0,Wabash Ave & Roosevelt Rd,9/7/2013 22:14,9/7/2013 22:18,41.8601213774,-87.6277291853,148,State St & 16th St,441707,281,Customer
1251,,Normal Ave & Archer Ave,41.8601213774,-87.6277291853,148,State St & 16th St,,1806,0,State St & 16th St,9/8/2013 2:31,9/8/2013 2:40,41.849527,-87.640591,308,Normal Ave & Archer Ave,442519,542,Customer
1251,,Greenwood Ave & 47th St,41.849527,-87.640591,308,Normal Ave & Archer Ave,,7829,2.0,Normal Ave & Archer Ave,9/8/2013 12:32,9/8/2013 13:19,41.809835,-87.599383,396,Greenwood Ave & 47th St,444908,2803,Customer
1251,1978,Blackstone Ave & Hyde Park Blvd,41.809835,-87.599383,396,Greenwood Ave & 47th St,Female,1566,0,Greenwood Ave & 47th St,9/9/2013 8:54,9/9/2013 9:00,41.802562,-87.590368,398,Blackstone Ave & Hyde Park Blvd,452011,372,Subscriber
1251,,Blackstone Ave & Hyde Park Blvd,41.802562,-87.590368,398,Blackstone Ave & Hyde Park Blvd,,0,0,Blackstone Ave & Hyde Park Blvd,9/9/2013 10:43,9/9/2013 11:10,41.802562,-87.590368,398,Blackstone Ave & Hyde Park Blvd,452821,1622,Customer
1251,,Woodlawn Ave & 55th St,41.802562,-87.590368,398,Blackstone Ave & Hyde Park Blvd,,1317,0,Blackstone Ave & Hyde Park Blvd,9/9/2013 11:15,9/9/2013 11:36,41.795264,-87.596471,362,Woodlawn Ave & 55th St,453049,1256,Customer
1251,,Blackstone Ave & Hyde Park Blvd,41.795264,-87.596471,362,Woodlawn Ave & 55th St,,1317,0,Woodlawn Ave & 55th St,9/9/2013 12:01,9/9/2013 12:10,41.802562,-87.590368,398,Blackstone Ave & Hyde Park Blvd,453343,571,Customer
1251,,Greenwood Ave & 47th St,41.802562,-87.590368,398,Blackstone Ave & Hyde Park Blvd,,1535,2.0,Blackstone Ave & Hyde Park Blvd,9/9/2013 13:05,9/9/2013 14:04,41.809835,-87.599383,396,Greenwood Ave & 47th St,453850,3536,Customer
1251,1986,Woodlawn Ave & 55th St,41.809835,-87.599383,396,Greenwood Ave & 47th St,Male,1825,0,Greenwood Ave & 47th St,9/9/2013 19:30,9/9/2013 19:42,41.795264,-87.596471,362,Woodlawn Ave & 55th St,457562,732,Subscriber
1251,1986,Greenwood Ave & 47th St,41.795264,-87.596471,362,Woodlawn Ave & 55th St,Male,1825,0,Woodlawn Ave & 55th St,9/9/2013 21:48,9/9/2013 21:54,41.809835,-87.599383,396,Greenwood Ave & 47th St,458330,369,Subscriber
1251,,Indiana Ave & 26th St,41.809835,-87.599383,396,Greenwood Ave & 47th St,,5472,0,Greenwood Ave & 47th St,9/14/2013 11:33,9/14/2013 12:01,41.8457,-87.62248,212,Indiana Ave & 26th St,492751,1651,Customer
1251,,Wabash Ave & Cermak Rd,41.8457,-87.62248,212,Indiana Ave & 26th St,,1069,2.0,Indiana Ave & 26th St,9/14/2013 17:30,9/14/2013 18:20,41.8532387578,-87.6253370902,170,Wabash Ave & Cermak Rd,499203,3024,Customer
1251,,Indiana Ave & 26th St,41.8532387578,-87.6253370902,170,Wabash Ave & Cermak Rd,,1085,0,Wabash Ave & Cermak Rd,9/14/2013 18:26,9/14/2013 18:38,41.8457,-87.62248,212,Indiana Ave & 26th St,499979,680,Customer
1251,,Indiana Ave & Roosevelt Rd,41.8457,-87.62248,212,Indiana Ave & 26th St,,2730,0,Indiana Ave & 26th St,9/16/2013 8:43,9/16/2013 9:04,41.867888,-87.623041,309,Indiana Ave & Roosevelt Rd,506139,1255,Customer
1251,1977,State St & Harrison St,41.867888,-87.623041,309,Indiana Ave & Roosevelt Rd,Male,1148,0,Indiana Ave & Roosevelt Rd,9/16/2013 9:34,9/16/2013 9:41,41.8739580629,-87.6277394859,30,State St & Harrison St,506516,413,Subscriber
1251,1954,Michigan Ave & Washington St,41.8739580629,-87.6277394859,30,State St & Harrison St,Female,1736,0,State St & Harrison St,9/16/2013 10:30,9/16/2013 10:43,41.8838927658,-87.6246491409,1,Michigan Ave & Washington St,506785,803,Subscriber
1251,1987,Clark St & Congress Pkwy,41.8838927658,-87.6246491409,1,Michigan Ave & Washington St,Male,1399,0,Michigan Ave & Washington St,9/17/2013 6:56,9/17/2013 7:02,41.8759326655,-87.6305845355,9,Clark St & Congress Pkwy,512861,312,Subscriber
1251,1982,Columbus Dr & Randolph St,41.8759326655,-87.6305845355,9,Clark St & Congress Pkwy,Male,2519,0,Clark St & Congress Pkwy,9/17/2013 7:05,9/17/2013 7:13,41.8853,-87.62077,263,Columbus Dr & Randolph St,512931,442,Subscriber
1251,1972,Orleans St & Merchandise Mart Plaza,41.8853,-87.62077,263,Columbus Dr & Randolph St,Male,1787,0,Columbus Dr & Randolph St,9/17/2013 7:22,9/17/2013 7:30,41.888243,-87.63639,13,Orleans St & Merchandise Mart Plaza,513065,531,Subscriber
1251,1978,State St & Kinzie St,41.888243,-87.63639,13,Orleans St & Merchandise Mart Plaza,Male,877,0,Orleans St & Merchandise Mart Plaza,9/17/2013 16:01,9/17/2013 16:08,41.88918,-87.6277,50,State St & Kinzie St,517400,368,Subscriber
1251,1955,Canal St & Jackson Blvd,41.88918,-87.6277,50,State St & Kinzie St,Male,2451,0,State St & Kinzie St,9/17/2013 16:11,9/17/2013 16:23,41.87811421,-87.63997112,138,Canal St & Jackson Blvd,517499,730,Subscriber
1251,1974,Morgan Ave & 14th Pl,41.87811421,-87.63997112,138,Canal St & Jackson Blvd,Male,2750,0,Canal St & Jackson Blvd,9/17/2013 16:37,9/17/2013 16:51,41.862378,-87.651062,169,Morgan Ave & 14th Pl,517752,820,Subscriber
1251,1982,Wells St & Erie St,41.882091,-87.639833,341,Canal St & Madison St,Female,1822,0,Canal St & Madison St,9/18/2013 15:46,9/18/2013 16:00,41.893832,-87.634195,64,Wells St & Erie St,525778,816,Subscriber
1251,1983,Clark St & Congress Pkwy,41.893832,-87.634195,64,Wells St & Erie St,Male,2484,0,Wells St & Erie St,9/18/2013 17:05,9/18/2013 17:17,41.8759326655,-87.6305845355,9,Clark St & Congress Pkwy,526642,669,Subscriber
1251,1983,Larrabee St & North Ave,41.897764,-87.642884,12,Larrabee St & Kingsbury St,Female,1383,0,Larrabee St & Kingsbury St,9/19/2013 15:34,9/19/2013 15:41,41.91021,-87.6435,174,Larrabee St & North Ave,530307,401,Subscriber
1251,1966,Clinton St & Washington Blvd,41.89680204,-87.63563839,17,Franklin St & Chicago Ave,Male,1969,0,Franklin St & Chicago Ave,9/20/2013 17:05,9/20/2013 17:13,41.88338,-87.64117,10,Clinton St & Washington Blvd,540496,527,Subscriber
1251,,Milwaukee Ave & Wabansia Ave,41.88338,-87.64117,10,Clinton St & Washington Blvd,,4927,0,Clinton St & Washington Blvd,9/20/2013 18:20,9/20/2013 18:43,41.912616,-87.681391,243,Milwaukee Ave & Wabansia Ave,541563,1394,Customer
1251,1978,Leavitt St & North Ave,41.912616,-87.681391,243,Milwaukee Ave & Wabansia Ave,Male,304,0,Milwaukee Ave & Wabansia Ave,9/20/2013 19:50,9/20/2013 19:51,41.910652,-87.6824,244,Leavitt St & North Ave,542362,102,Subscriber
1251,1986,Ogden Ave & Chicago Ave,41.910652,-87.6824,244,Leavitt St & North Ave,Male,3126,0,Leavitt St & North Ave,9/21/2013 8:47,9/21/2013 8:58,41.896362458,-87.6540612729,44,Ogden Ave & Chicago Ave,544113,649,Subscriber
1251,1978,Damen Ave & Grand Ave,41.896362458,-87.6540612729,44,Ogden Ave & Chicago Ave,Female,2421,0,Ogden Ave & Chicago Ave,9/21/2013 13:48,9/21/2013 14:02,41.89122,-87.67686,141,Damen Ave & Grand Ave,548135,875,Subscriber
1251,,Ogden Ave & Race Ave,41.89122,-87.67686,141,Damen Ave & Grand Ave,,1750,0,Damen Ave & Grand Ave,9/21/2013 18:14,9/21/2013 18:21,41.891795,-87.658751,194,Ogden Ave & Race Ave,552441,446,Customer
1251,,State St & 19th St,41.891795,-87.658751,194,Ogden Ave & Race Ave,,6974,2.0,Ogden Ave & Race Ave,9/22/2013 12:18,9/22/2013 12:50,41.856594,-87.627542,408,State St & 19th St,557612,1903,Customer
1251,,State St & 19th St,41.856594,-87.627542,408,State St & 19th St,,0,0,State St & 19th St,9/23/2013 17:21,9/23/2013 17:40,41.856594,-87.627542,408,State St & 19th St,570206,1117,Customer
1251,,State St & 19th St,41.856594,-87.627542,408,State St & 19th St,,0,0,State St & 19th St,9/23/2013 17:41,9/23/2013 17:57,41.856594,-87.627542,408,State St & 19th St,570578,935,Customer
1251,1984,McCormick Place,41.856594,-87.627542,408,State St & 19th St,Male,1560,0,State St & 19th St,9/24/2013 7:44,9/24/2013 7:49,41.8513751729,-87.6188346489,106,McCormick Place,573779,286,Subscriber
1251,1984,State St & 19th St,41.8513751729,-87.6188346489,106,McCormick Place,Male,1716,0,McCormick Place,9/24/2013 13:58,9/24/2013 14:03,41.856594,-87.627542,408,State St & 19th St,576716,297,Subscriber
1251,1983,Clark St & Lincoln Ave,41.87785,-87.62408,340,Michigan Ave & Jackson Blvd,Male,6373,0,Michigan Ave & Jackson Blvd,9/25/2013 18:08,9/25/2013 18:30,41.915689,-87.6346,179,Clark St & Lincoln Ave,589073,1357,Subscriber
1251,1977,Mies van der Rohe Way & Chicago Ave,41.915689,-87.6346,179,Clark St & Lincoln Ave,Female,3314,0,Clark St & Lincoln Ave,9/26/2013 9:25,9/26/2013 9:37,41.89691,-87.621743,338,Mies van der Rohe Way & Chicago Ave,593322,728,Subscriber
1251,,Mies van der Rohe Way & Chicago Ave,41.89691,-87.621743,338,Mies van der Rohe Way & Chicago Ave,,0,2.0,Mies van der Rohe Way & Chicago Ave,9/26/2013 10:30,9/26/2013 11:03,41.89691,-87.621743,338,Mies van der Rohe Way & Chicago Ave,593738,2000,Customer
1251,,Streeter Dr & Illinois St,41.891071,-87.6122,22,Streeter Dr & Illinois St,,0,0,Streeter Dr & Illinois St,9/26/2013 11:54,9/26/2013 12:06,41.891071,-87.6122,22,Streeter Dr & Illinois St,594358,717,Customer
1251,,McClurg Ct & Illinois St,41.891071,-87.6122,22,Streeter Dr & Illinois St,,768,2.0,Streeter Dr & Illinois St,9/26/2013 14:51,9/26/2013 15:23,41.89102,-87.6173,51,McClurg Ct & Illinois St,595849,1906,Customer
1251,,Clark St & Elm St,41.89102,-87.6173,51,McClurg Ct & Illinois St,,2491,2.0,McClurg Ct & Illinois St,9/26/2013 15:42,9/26/2013 16:33,41.903233,-87.631253,349,Clark St & Elm St,596283,3076,Customer
1251,,Wells St & Evergreen Ave,41.926277,-87.630834,350,Theater on the Lake,,3714,0,Theater on the Lake,9/26/2013 17:45,9/26/2013 18:08,41.906724,-87.63483,302,Wells St & Evergreen Ave,598117,1342,Customer
1251,1985,Michigan Ave & Oak St,41.906724,-87.63483,302,Wells St & Evergreen Ave,Male,1614,0,Wells St & Evergreen Ave,9/27/2013 7:26,9/27/2013 7:32,41.90096039,-87.62377664,42,Michigan Ave & Oak St,601623,359,Subscriber
1251,,Michigan Ave & Washington St,41.882664,-87.63253,6,LaSalle St & Washington St,,1194,0,LaSalle St & Washington St,9/27/2013 9:18,9/27/2013 9:34,41.8838927658,-87.6246491409,1,Michigan Ave & Washington St,602977,953,Customer
1251,,McClurg Ct & Illinois St,41.8838927658,-87.6246491409,1,Michigan Ave & Washington St,,1937,70.0,Michigan Ave & Washington St,9/27/2013 11:29,9/27/2013 16:53,41.89102,-87.6173,51,McClurg Ct & Illinois St,604040,19449,Customer
1251,,Streeter Dr & Illinois St,41.89102,-87.6173,51,McClurg Ct & Illinois St,,422,0,McClurg Ct & Illinois St,9/27/2013 20:28,9/27/2013 20:31,41.891071,-87.6122,22,Streeter Dr & Illinois St,611010,155,Customer
1251,,Mies van der Rohe Way & Chicago Ave,41.891071,-87.6122,22,Streeter Dr & Illinois St,,1552,0,Streeter Dr & Illinois St,9/27/2013 20:37,9/27/2013 20:57,41.89691,-87.621743,338,Mies van der Rohe Way & Chicago Ave,611072,1237,Customer
1251,,Lake Shore Dr & North Blvd,41.89691,-87.621743,338,Mies van der Rohe Way & Chicago Ave,,2375,2.0,Mies van der Rohe Way & Chicago Ave,9/28/2013 7:57,9/28/2013 8:33,41.911722,-87.626804,328,Lake Shore Dr & North Blvd,612673,2187,Customer
1251,1987,Clark St & Lincoln Ave,41.911722,-87.626804,328,Lake Shore Dr & North Blvd,Female,941,0,Lake Shore Dr & North Blvd,9/28/2013 10:46,9/28/2013 10:53,41.915689,-87.6346,179,Clark St & Lincoln Ave,614164,422,Subscriber
1251,1979,Lake Shore Dr & Wellington Ave,41.915689,-87.6346,179,Clark St & Lincoln Ave,Female,2859,0,Clark St & Lincoln Ave,9/28/2013 11:22,9/28/2013 11:35,41.936669,-87.636794,234,Lake Shore Dr & Wellington Ave,614716,779,Subscriber
1251,1979,Sheridan Rd & Montrose Ave,41.936669,-87.636794,234,Lake Shore Dr & Wellington Ave,Female,3996,0,Lake Shore Dr & Wellington Ave,9/28/2013 11:35,9/28/2013 11:52,41.96167,-87.65464,130,Sheridan Rd & Montrose Ave,614928,1060,Subscriber
1251,,Lake Shore Dr & Wellington Ave,41.96167,-87.65464,130,Sheridan Rd & Montrose Ave,,3990,2.0,Sheridan Rd & Montrose Ave,9/28/2013 12:14,9/28/2013 12:47,41.936669,-87.636794,234,Lake Shore Dr & Wellington Ave,615643,1998,Customer
1251,,Streeter Dr & Illinois St,41.911791,-87.631841,128,Clark St & North Ave,,3953,2.0,Clark St & North Ave,9/28/2013 14:09,9/28/2013 14:49,41.891071,-87.6122,22,Streeter Dr & Illinois St,618051,2427,Customer
1251,,Sheffield Ave & Addison St,41.891071,-87.6122,22,Streeter Dr & Illinois St,,8415,2.0,Streeter Dr & Illinois St,9/28/2013 14:50,9/28/2013 15:29,41.94688,-87.65445,62,Sheffield Ave & Addison St,618964,2356,Customer
1251,,Sheffield Ave & Wrightwood Ave,41.94688,-87.65445,62,Sheffield Ave & Addison St,,2021,0,Sheffield Ave & Addison St,9/28/2013 15:54,9/28/2013 16:07,41.928712,-87.653833,211,Sheffield Ave & Wrightwood Ave,620325,768,Customer
1251,,Ashland Ave & Augusta Blvd,41.928712,-87.653833,211,Sheffield Ave & Wrightwood Ave,,5213,0,Sheffield Ave & Wrightwood Ave,9/28/2013 16:28,9/28/2013 16:53,41.899643,-87.6677,248,Ashland Ave & Augusta Blvd,621072,1509,Customer
1251,1975,State St & Wacker Dr,41.899643,-87.6677,248,Ashland Ave & Augusta Blvd,Male,4092,0,Ashland Ave & Augusta Blvd,9/28/2013 18:54,9/28/2013 19:14,41.887155,-87.62775,339,State St & Wacker Dr,623657,1225,Subscriber
1251,,Museum Campus,41.887155,-87.62775,339,State St & Wacker Dr,,5321,0,State St & Wacker Dr,9/29/2013 9:33,9/29/2013 9:53,41.865212,-87.617759,29,Museum Campus,626821,1194,Customer
1251,1987,State St & Harrison St,41.874337,-87.639566,326,Canal St & Harrison St,Female,1070,0,Canal St & Harrison St,9/30/2013 15:31,9/30/2013 15:36,41.8739580629,-87.6277394859,30,State St & Harrison St,641287,266,Subscriber
1251,1953,Canal St & Jackson Blvd,41.8739580629,-87.6277394859,30,State St & Harrison St,Male,2280,0,State St & Harrison St,9/30/2013 15:38,9/30/2013 15:45,41.87811421,-87.63997112,138,Canal St & Jackson Blvd,641348,447,Subscriber
1251,1984,State St & Harrison St,41.87811421,-87.63997112,138,Canal St & Jackson Blvd,Male,1488,0,Canal St & Jackson Blvd,9/30/2013 16:04,9/30/2013 16:09,41.8739580629,-87.6277394859,30,State St & Harrison St,641641,328,Subscriber
1251,,Clinton St & Washington Blvd,41.8739580629,-87.6277394859,30,State St & Harrison St,,2762,0,State St & Harrison St,9/30/2013 16:16,9/30/2013 16:30,41.88338,-87.64117,10,Clinton St & Washington Blvd,641729,821,Customer
1251,1953,Clark St & Lincoln Ave,41.903233,-87.631253,349,Clark St & Elm St,Male,1441,0,Clark St & Elm St,9/30/2013 20:35,9/30/2013 20:43,41.915689,-87.6346,179,Clark St & Lincoln Ave,645307,497,Subscriber
1251,1981,Sheridan Rd & Montrose Ave,41.93979,-87.65893,230,Racine Ave & Belmont Ave,Female,2854,0,Racine Ave & Belmont Ave,10/1/2013 13:18,10/1/2013 13:31,41.96167,-87.65464,130,Sheridan Rd & Montrose Ave,650208,777,Subscriber
1251,1984,Greenview Ave & Fullerton Ave,41.9256018819,-87.6537080423,60,Sheffield Ave & Fullerton Ave,Male,1366,0,Sheffield Ave & Fullerton Ave,10/1/2013 17:12,10/1/2013 17:17,41.92533,-87.6658,295,Greenview Ave & Fullerton Ave,652513,280,Subscriber
1251,,Ashland Ave & Armitage Ave,41.92533,-87.6658,295,Greenview Ave & Fullerton Ave,,1806,0,Greenview Ave & Fullerton Ave,10/2/2013 7:58,10/2/2013 8:02,41.9178588677,-87.668919,25,Ashland Ave & Armitage Ave,657185,276,Customer
1251,1971,Wood St & North Ave,41.9178588677,-87.668919,25,Ashland Ave & Armitage Ave,Male,1153,0,Ashland Ave & Armitage Ave,10/2/2013 16:47,10/2/2013 16:53,41.910329,-87.672516,223,Wood St & North Ave,662451,339,Subscriber
1251,1984,Ashland Ave & Augusta Blvd,41.910329,-87.672516,223,Wood St & North Ave,Male,1685,0,Wood St & North Ave,10/2/2013 17:00,10/2/2013 17:07,41.899643,-87.6677,248,Ashland Ave & Augusta Blvd,662688,393,Subscriber
1251,1983,State St & Randolph St,41.88541,-87.66732,73,Ashland Ave & Lake St,Female,4140,0,Ashland Ave & Lake St,10/2/2013 19:36,10/2/2013 19:57,41.8847302006,-87.6277335692,2,State St & Randolph St,665192,1255,Subscriber
1251,1971,Carpenter St & Huron St,41.8847302006,-87.6277335692,2,State St & Randolph St,Male,2929,0,State St & Randolph St,10/2/2013 20:24,10/2/2013 20:35,41.894556,-87.653449,196,Carpenter St & Huron St,665560,632,Subscriber
1251,1970,Clark St & Randolph St,41.894556,-87.653449,196,Carpenter St & Huron St,Male,3029,0,Carpenter St & Huron St,10/3/2013 8:45,10/3/2013 8:58,41.884576228,-87.63188991,5,Clark St & Randolph St,668189,746,Subscriber
1251,1970,Damen Ave & Charleston St,41.884576228,-87.63188991,5,Clark St & Randolph St,Male,6252,0,Clark St & Randolph St,10/3/2013 9:24,10/3/2013 9:46,41.920082,-87.677855,288,Damen Ave & Charleston St,668527,1348,Subscriber
1251,,California Ave & Milwaukee Ave,41.920082,-87.677855,288,Damen Ave & Charleston St,,2057,0,Damen Ave & Charleston St,10/3/2013 16:17,10/3/2013 16:45,41.922695,-87.697153,84,California Ave & Milwaukee Ave,670622,1688,Customer
1251,1986,California Ave & North Ave,41.922695,-87.697153,84,California Ave & Milwaukee Ave,Male,1415,0,California Ave & Milwaukee Ave,10/3/2013 18:00,10/3/2013 18:05,41.91044,-87.6972,258,California Ave & North Ave,671902,335,Subscriber
1251,1986,California Ave & Milwaukee Ave,41.91044,-87.6972,258,California Ave & North Ave,Male,1415,0,California Ave & North Ave,10/4/2013 8:18,10/4/2013 8:23,41.922695,-87.697153,84,California Ave & Milwaukee Ave,674988,263,Subscriber
1251,1967,Wabash Ave & Roosevelt Rd,41.882134,-87.625125,36,Michigan Ave & Madison St,Male,1746,0,Michigan Ave & Madison St,10/4/2013 12:13,10/4/2013 12:22,41.8671729952,-87.6259550069,31,Wabash Ave & Roosevelt Rd,677140,513,Subscriber
1251,,Dearborn St & Monroe St,41.8671729952,-87.6259550069,31,Wabash Ave & Roosevelt Rd,,1841,0,Wabash Ave & Roosevelt Rd,10/4/2013 14:24,10/4/2013 14:53,41.881319815,-87.6295209193,49,Dearborn St & Monroe St,678469,1740,Customer
1251,1950,Hampden Ct & Diversey Pkwy,41.881319815,-87.6295209193,49,Dearborn St & Monroe St,Male,6176,0,Dearborn St & Monroe St,10/4/2013 15:21,10/4/2013 15:49,41.93262,-87.642385,123,Hampden Ct & Diversey Pkwy,679142,1687,Subscriber
1251,,Broadway & Cornelia Ave,41.95434,-87.654601,63,Sheridan Rd & Irving Park Rd,,1613,0,Sheridan Rd & Irving Park Rd,10/5/2013 3:43,10/5/2013 4:01,41.945512,-87.64598,278,Broadway & Cornelia Ave,684519,1067,Customer
1251,1989,Halsted St & Diversey Pkwy,41.945512,-87.64598,278,Broadway & Cornelia Ave,Male,1810,0,Broadway & Cornelia Ave,10/5/2013 13:20,10/5/2013 13:33,41.933341,-87.648747,208,Halsted St & Diversey Pkwy,688273,800,Subscriber
1251,1985,Sheffield Ave & Webster Ave,41.933341,-87.648747,208,Halsted St & Diversey Pkwy,Male,1714,0,Halsted St & Diversey Pkwy,10/5/2013 13:42,10/5/2013 13:49,41.921687,-87.653714,188,Sheffield Ave & Webster Ave,688643,399,Subscriber
1251,1972,Wells St & Erie St,41.921687,-87.653714,188,Sheffield Ave & Webster Ave,Female,4032,0,Sheffield Ave & Webster Ave,10/5/2013 13:54,10/5/2013 14:15,41.893832,-87.634195,64,Wells St & Erie St,688837,1273,Subscriber
1251,1972,State St & Wacker Dr,41.893832,-87.634195,64,Wells St & Erie St,Female,1372,0,Wells St & Erie St,10/5/2013 14:17,10/5/2013 14:27,41.887155,-87.62775,339,State St & Wacker Dr,689189,571,Subscriber
1251,,Michigan Ave & Jackson Blvd,41.887155,-87.62775,339,State St & Wacker Dr,,1434,0,State St & Wacker Dr,10/5/2013 14:29,10/5/2013 14:47,41.87785,-87.62408,340,Michigan Ave & Jackson Blvd,689433,1067,Customer
1251,,Canal St & Jackson Blvd,41.87785,-87.62408,340,Michigan Ave & Jackson Blvd,,2067,0,Michigan Ave & Jackson Blvd,10/5/2013 14:56,10/5/2013 15:15,41.87811421,-87.63997112,138,Canal St & Jackson Blvd,689869,1132,Customer
1251,1986,Michigan Ave & 14th St,41.8810317,-87.62408432,8,Millennium Park,Male,2589,0,Millennium Park,10/6/2013 0:39,10/6/2013 0:48,41.864059,-87.623727,310,Michigan Ave & 14th St,692535,551,Subscriber
1251,,Millennium Park,41.864059,-87.623727,310,Michigan Ave & 14th St,,2129,0,Michigan Ave & 14th St,10/6/2013 11:40,10/6/2013 12:08,41.8810317,-87.62408432,8,Millennium Park,694326,1639,Customer
1251,,Fort Dearborn Dr & 31st St,41.8810317,-87.62408432,8,Millennium Park,,5843,2.0,Millennium Park,10/6/2013 16:05,10/6/2013 16:36,41.838556,-87.608218,220,Fort Dearborn Dr & 31st St,697839,1888,Customer
1251,,Michigan Ave & 18th St,41.838556,-87.608218,220,Fort Dearborn Dr & 31st St,,3502,0,Fort Dearborn Dr & 31st St,10/7/2013 19:01,10/7/2013 19:16,41.857937,-87.623633,150,Michigan Ave & 18th St,708029,879,Customer
1251,1971,Canal St & Madison St,41.857937,-87.623633,150,Michigan Ave & 18th St,Male,3992,0,Michigan Ave & 18th St,10/8/2013 6:38,10/8/2013 6:56,41.882091,-87.639833,341,Canal St & Madison St,709692,1104,Subscriber
1251,1955,Franklin St & Chicago Ave,41.882091,-87.639833,341,Canal St & Madison St,Male,1998,0,Canal St & Madison St,10/8/2013 7:31,10/8/2013 7:38,41.89680204,-87.63563839,17,Franklin St & Chicago Ave,710071,444,Subscriber
1251,1979,Franklin St & Lake St,41.8759326655,-87.6305845355,9,Clark St & Congress Pkwy,Male,1477,0,Clark St & Congress Pkwy,10/9/2013 10:01,10/9/2013 10:07,41.885837,-87.6355,272,Franklin St & Lake St,722143,340,Subscriber
1251,1980,State St & Erie St,41.885837,-87.6355,272,Franklin St & Lake St,Male,1513,0,Franklin St & Lake St,10/9/2013 10:58,10/9/2013 11:03,41.893975,-87.628623,45,State St & Erie St,722603,320,Subscriber
1251,1980,Franklin St & Lake St,41.893975,-87.628623,45,State St & Erie St,Male,1877,0,State St & Erie St,10/9/2013 11:06,10/9/2013 11:13,41.885837,-87.6355,272,Franklin St & Lake St,722691,423,Subscriber
1251,1980,LaSalle St & Illinois St,41.885837,-87.6355,272,Franklin St & Lake St,Male,992,0,Franklin St & Lake St,10/9/2013 17:34,10/9/2013 17:39,41.890749,-87.63206,430,LaSalle St & Illinois St,727190,280,Subscriber
1251,1983,Lincoln Ave & Leavitt St,41.890749,-87.63206,430,LaSalle St & Illinois St,Male,9908,1.5,LaSalle St & Illinois St,10/9/2013 17:53,10/9/2013 18:37,41.962391,-87.684146,126,Lincoln Ave & Leavitt St,727609,2653,Subscriber
1251,,Paulina St & Montrose Ave,41.961588,-87.666036,316,Clark St & Montrose Ave,,443,0,Clark St & Montrose Ave,10/12/2013 13:33,10/12/2013 13:36,41.961507,-87.671387,250,Paulina St & Montrose Ave,759327,176,Customer
1251,1980,Clark St & Leland Ave,41.961507,-87.671387,250,Paulina St & Montrose Ave,Female,1116,0,Paulina St & Montrose Ave,10/12/2013 14:38,10/12/2013 14:43,41.967096,-87.667429,239,Clark St & Leland Ave,760543,316,Subscriber
1251,,Lake Shore Dr & Belmont Ave,41.965287,-87.658774,74,Broadway & Wilson Ave,,4094,0,Broadway & Wilson Ave,10/14/2013 14:16,10/14/2013 14:42,41.940775,-87.639192,233,Lake Shore Dr & Belmont Ave,782526,1576,Customer
1251,,Theater on the Lake,41.940775,-87.639192,233,Lake Shore Dr & Belmont Ave,,2079,0,Lake Shore Dr & Belmont Ave,10/14/2013 14:44,10/14/2013 15:03,41.926277,-87.630834,350,Theater on the Lake,782886,1155,Customer
1251,,Michigan Ave & Oak St,41.926277,-87.630834,350,Theater on the Lake,,3023,0,Theater on the Lake,10/14/2013 15:11,10/14/2013 15:32,41.90096039,-87.62377664,42,Michigan Ave & Oak St,783201,1295,Customer
1251,,Lake Shore Dr & Monroe St,41.90096039,-87.62377664,42,Michigan Ave & Oak St,,3603,0,Michigan Ave & Oak St,10/14/2013 15:39,10/14/2013 16:07,41.88105,-87.61697,300,Lake Shore Dr & Monroe St,783546,1692,Customer
1251,,Columbus Dr & Randolph St,41.88105,-87.61697,300,Lake Shore Dr & Monroe St,,1993,2.0,Lake Shore Dr & Monroe St,10/14/2013 16:37,10/14/2013 17:13,41.8853,-87.62077,263,Columbus Dr & Randolph St,784337,2132,Customer
1251,1980,Lake Shore Dr & Ohio St,41.8853,-87.62077,263,Columbus Dr & Randolph St,Male,6107,0,Columbus Dr & Randolph St,10/14/2013 17:32,10/14/2013 17:40,41.89257,-87.614492,337,Lake Shore Dr & Ohio St,785381,488,Subscriber
1251,1981,Dearborn St & Monroe St,41.89257,-87.614492,337,Lake Shore Dr & Ohio St,Male,2453,0,Lake Shore Dr & Ohio St,10/15/2013 6:58,10/15/2013 7:08,41.881319815,-87.6295209193,49,Dearborn St & Monroe St,788527,591,Subscriber
1251,1988,Canal St & Monroe St,41.881319815,-87.6295209193,49,Dearborn St & Monroe St,Male,1335,0,Dearborn St & Monroe St,10/15/2013 7:20,10/15/2013 7:26,41.8807,-87.63947,56,Canal St & Monroe St,788701,318,Subscriber
1251,1956,State St & Pearson St,41.8807,-87.63947,56,Canal St & Monroe St,Male,2920,0,Canal St & Monroe St,10/15/2013 8:18,10/15/2013 8:32,41.897448,-87.628722,14,State St & Pearson St,789425,845,Subscriber
1251,1956,Canal St & Jackson Blvd,41.897448,-87.628722,14,State St & Pearson St,Male,3389,0,State St & Pearson St,10/17/2013 17:00,10/17/2013 17:16,41.87811421,-87.63997112,138,Canal St & Jackson Blvd,806801,909,Subscriber
1251,1982,Orleans St & Merchandise Mart Plaza,41.87811421,-87.63997112,138,Canal St & Jackson Blvd,Male,1593,0,Canal St & Jackson Blvd,10/17/2013 17:22,10/17/2013 17:32,41.888243,-87.63639,13,Orleans St & Merchandise Mart Plaza,807140,611,Subscriber
1251,1982,Hampden Ct & Diversey Pkwy,41.881319815,-87.6295209193,49,Dearborn St & Monroe St,Male,6176,1.5,Dearborn St & Monroe St,10/17/2013 18:00,10/17/2013 18:32,41.93262,-87.642385,123,Hampden Ct & Diversey Pkwy,807739,1909,Subscriber
1251,,McClurg Ct & Illinois St,41.8671729952,-87.6259550069,31,Wabash Ave & Roosevelt Rd,,4311,2.0,Wabash Ave & Roosevelt Rd,10/18/2013 10:24,10/18/2013 10:55,41.89102,-87.6173,51,McClurg Ct & Illinois St,811780,1837,Customer
1251,1972,Canal St & Adams St,41.89102,-87.6173,51,McClurg Ct & Illinois St,Male,3511,0,McClurg Ct & Illinois St,10/18/2013 15:37,10/18/2013 15:50,41.87923,-87.640015,11,Canal St & Adams St,813955,773,Subscriber
1251,,Wood St & Milwaukee Ave,41.881131,-87.635185,57,Franklin St & Arcade Pl,,4685,0,Franklin St & Arcade Pl,10/18/2013 17:24,10/18/2013 17:49,41.907655,-87.672552,221,Wood St & Milwaukee Ave,815381,1535,Customer
1251,,Wilton Ave & Diversey Pkwy,41.907655,-87.672552,221,Wood St & Milwaukee Ave,,4343,0,Wood St & Milwaukee Ave,10/19/2013 12:37,10/19/2013 12:57,41.93250008,-87.65268082,66,Wilton Ave & Diversey Pkwy,819777,1216,Customer
1251,,Stockton Dr & Wrightwood Ave,41.93250008,-87.65268082,66,Wilton Ave & Diversey Pkwy,,1665,0,Wilton Ave & Diversey Pkwy,10/19/2013 16:12,10/19/2013 16:23,41.93132,-87.638742,276,Stockton Dr & Wrightwood Ave,822317,601,Customer
1251,,McClurg Ct & Illinois St,41.93132,-87.638742,276,Stockton Dr & Wrightwood Ave,,6009,2.0,Stockton Dr & Wrightwood Ave,10/19/2013 16:23,10/19/2013 16:56,41.89102,-87.6173,51,McClurg Ct & Illinois St,822425,1961,Customer
1251,,Streeter Dr & Illinois St,41.89102,-87.6173,51,McClurg Ct & Illinois St,,422,0,McClurg Ct & Illinois St,10/20/2013 10:13,10/20/2013 10:42,41.891071,-87.6122,22,Streeter Dr & Illinois St,825196,1750,Customer
1251,,Wells St & Ohio St,41.891071,-87.6122,22,Streeter Dr & Illinois St,,2079,0,Streeter Dr & Illinois St,10/20/2013 10:48,10/20/2013 11:03,41.892238,-87.633985,264,Wells St & Ohio St,825421,906,Customer
1251,,Sedgwick St & Huron St,41.892238,-87.633985,264,Wells St & Ohio St,,784,0,Wells St & Ohio St,10/20/2013 13:47,10/20/2013 14:14,41.894666,-87.638437,52,Sedgwick St & Huron St,827035,1636,Customer
1251,1984,Kingsbury St & Erie St,41.894666,-87.638437,52,Sedgwick St & Huron St,Male,376,0,Sedgwick St & Huron St,10/20/2013 15:55,10/20/2013 16:00,41.89384315,-87.64185116,265,Kingsbury St & Erie St,828499,328,Subscriber
1251,,Daley Center Plaza,41.867888,-87.623041,309,Indiana Ave & Roosevelt Rd,,2421,0,Indiana Ave & Roosevelt Rd,10/21/2013 10:35,10/21/2013 10:47,41.884337,-87.630183,23,Daley Center Plaza,833139,712,Customer
1251,1955,LaSalle St & Jackson Blvd,41.884337,-87.630183,23,Daley Center Plaza,Male,921,0,Daley Center Plaza,10/21/2013 16:45,10/21/2013 16:50,41.87817,-87.631985,32,LaSalle St & Jackson Blvd,835579,351,Subscriber
1251,,Stockton Dr & Wrightwood Ave,41.87817,-87.631985,32,LaSalle St & Jackson Blvd,,6573,2.0,LaSalle St & Jackson Blvd,10/21/2013 16:54,10/21/2013 17:38,41.93132,-87.638742,276,Stockton Dr & Wrightwood Ave,835709,2635,Customer
1251,1990,Theater on the Lake,41.93132,-87.638742,276,Stockton Dr & Wrightwood Ave,Male,1632,0,Stockton Dr & Wrightwood Ave,10/22/2013 8:02,10/22/2013 8:06,41.926277,-87.630834,350,Theater on the Lake,839134,229,Subscriber
1251,1978,Larrabee St & Armitage Ave,41.926277,-87.630834,350,Theater on the Lake,Male,1974,0,Theater on the Lake,10/22/2013 11:02,10/22/2013 11:12,41.91797,-87.64368,184,Larrabee St & Armitage Ave,840527,615,Subscriber
1251,1982,St Clair St & Erie St,41.91797,-87.64368,184,Larrabee St & Armitage Ave,Female,4121,0,Larrabee St & Armitage Ave,10/23/2013 6:26,10/23/2013 6:46,41.894448,-87.622663,16,St Clair St & Erie St,844440,1181,Subscriber
1251,1973,Daley Center Plaza,41.894448,-87.622663,16,St Clair St & Erie St,Male,1714,0,St Clair St & Erie St,10/23/2013 13:33,10/23/2013 13:42,41.884337,-87.630183,23,Daley Center Plaza,847122,540,Subscriber
1251,1952,Aberdeen St & Madison St,41.884337,-87.630183,23,Daley Center Plaza,Male,2437,0,Daley Center Plaza,10/23/2013 18:03,10/23/2013 18:14,41.881487,-87.654752,156,Aberdeen St & Madison St,849338,667,Subscriber
1251,1952,Daley Center Plaza,41.881487,-87.654752,156,Aberdeen St & Madison St,Male,2697,0,Aberdeen St & Madison St,10/24/2013 6:37,10/24/2013 6:48,41.884337,-87.630183,23,Daley Center Plaza,850890,674,Subscriber
1251,1988,Canal St & Madison St,41.884337,-87.630183,23,Daley Center Plaza,Male,1092,0,Daley Center Plaza,10/24/2013 6:52,10/24/2013 6:58,41.882091,-87.639833,341,Canal St & Madison St,850946,363,Subscriber
1251,1983,Clark St & Congress Pkwy,41.882091,-87.639833,341,Canal St & Madison St,Male,1670,0,Canal St & Madison St,10/24/2013 7:18,10/24/2013 7:25,41.8759326655,-87.6305845355,9,Clark St & Congress Pkwy,851090,416,Subscriber
1251,1967,Michigan Ave & Oak St,41.8759326655,-87.6305845355,9,Clark St & Congress Pkwy,Male,5887,0,Clark St & Congress Pkwy,10/24/2013 7:30,10/24/2013 7:48,41.90096039,-87.62377664,42,Michigan Ave & Oak St,851168,1041,Subscriber
1251,1971,Clinton St & Washington Blvd,41.90096039,-87.62377664,42,Michigan Ave & Oak St,Male,3399,0,Michigan Ave & Oak St,10/24/2013 10:21,10/24/2013 10:35,41.88338,-87.64117,10,Clinton St & Washington Blvd,852564,829,Subscriber
1251,1957,State St & Erie St,41.88338,-87.64117,10,Clinton St & Washington Blvd,Male,2286,0,Clinton St & Washington Blvd,10/24/2013 12:27,10/24/2013 12:39,41.893975,-87.628623,45,State St & Erie St,853156,718,Subscriber
1251,1980,Clark St & Randolph St,41.893975,-87.628623,45,State St & Erie St,Male,1437,0,State St & Erie St,10/24/2013 12:47,10/24/2013 12:53,41.884576228,-87.63188991,5,Clark St & Randolph St,853235,393,Subscriber
1251,1971,Racine Ave & Congress Pkwy,41.884576228,-87.63188991,5,Clark St & Randolph St,Male,3164,0,Clark St & Randolph St,10/24/2013 15:01,10/24/2013 15:13,41.87464,-87.65703,76,Racine Ave & Congress Pkwy,853927,733,Subscriber
1251,1986,LaSalle St & Washington St,41.8581806068,-87.6564866473,164,Racine Ave & 18th St,Male,4739,0,Racine Ave & 18th St,10/25/2013 12:05,10/25/2013 12:25,41.882664,-87.63253,6,LaSalle St & Washington St,859259,1192,Subscriber
1251,1968,Sedgwick St & Webster Ave,41.882664,-87.63253,6,LaSalle St & Washington St,Male,4902,0,LaSalle St & Washington St,10/25/2013 16:48,10/25/2013 17:09,41.92197,-87.63854,191,Sedgwick St & Webster Ave,861387,1264,Subscriber
1251,,Museum Campus,41.87817,-87.631985,32,LaSalle St & Jackson Blvd,,3093,0,LaSalle St & Jackson Blvd,10/26/2013 11:25,10/26/2013 11:48,41.865212,-87.617759,29,Museum Campus,865059,1380,Customer
1251,1971,Michigan Ave & Oak St,41.865212,-87.617759,29,Museum Campus,Male,5831,0,Museum Campus,10/26/2013 11:51,10/26/2013 12:15,41.90096039,-87.62377664,42,Michigan Ave & Oak St,865228,1459,Subscriber
1251,1986,Streeter Dr & Illinois St,41.90096039,-87.62377664,42,Michigan Ave & Oak St,Male,2418,0,Michigan Ave & Oak St,10/26/2013 13:27,10/26/2013 13:35,41.891071,-87.6122,22,Streeter Dr & Illinois St,866101,491,Subscriber
1251,,Millennium Park,41.891071,-87.6122,22,Streeter Dr & Illinois St,,2939,0,Streeter Dr & Illinois St,10/26/2013 14:21,10/26/2013 14:43,41.8810317,-87.62408432,8,Millennium Park,866655,1314,Customer
1251,1987,Jefferson St & Monroe St,41.8810317,-87.62408432,8,Millennium Park,Male,2041,0,Millennium Park,10/26/2013 14:46,10/26/2013 14:57,41.880422,-87.642746,38,Jefferson St & Monroe St,866893,625,Subscriber
1251,1971,Aberdeen St & Jackson Blvd,41.880422,-87.642746,38,Jefferson St & Monroe St,Male,2209,0,Jefferson St & Monroe St,10/26/2013 17:25,10/26/2013 17:30,41.87772613,-87.65478743,157,Aberdeen St & Jackson Blvd,868207,329,Subscriber
1251,1976,Wood St & Division St,41.8807,-87.63947,56,Canal St & Monroe St,Male,4202,0,Canal St & Monroe St,10/27/2013 16:05,10/27/2013 16:19,41.90332,-87.67273,246,Wood St & Division St,873183,838,Subscriber
1251,1983,Millennium Park,41.886861,-87.622694,48,Stetson Ave & South Water St,Female,1541,0,Stetson Ave & South Water St,10/28/2013 19:56,10/28/2013 20:01,41.8810317,-87.62408432,8,Millennium Park,881288,312,Subscriber
1251,1986,Sheffield Ave & Willow St,41.8858327415,-87.6413823149,21,Clinton St & Lake St,Male,3708,0,Clinton St & Lake St,10/28/2013 23:01,10/28/2013 23:14,41.913688,-87.652855,190,Sheffield Ave & Willow St,881845,745,Subscriber
1251,1984,Clinton St & Washington Blvd,41.913688,-87.652855,190,Sheffield Ave & Willow St,Male,4205,0,Sheffield Ave & Willow St,10/29/2013 8:42,10/29/2013 8:58,41.88338,-87.64117,10,Clinton St & Washington Blvd,883320,965,Subscriber
1251,1984,Dearborn St & Monroe St,41.87923,-87.640015,11,Canal St & Adams St,Male,1555,0,Canal St & Adams St,10/29/2013 19:56,10/29/2013 20:01,41.881319815,-87.6295209193,49,Dearborn St & Monroe St,888325,251,Subscriber
1251,1969,Clinton St & Tilden St,41.881319815,-87.6295209193,49,Dearborn St & Monroe St,Male,1548,0,Dearborn St & Monroe St,10/29/2013 20:21,10/29/2013 20:28,41.875885,-87.640795,37,Clinton St & Tilden St,888515,407,Subscriber
1251,1980,Fairbanks Ct & Grand Ave,41.875885,-87.640795,37,Clinton St & Tilden St,Male,3807,0,Clinton St & Tilden St,10/29/2013 20:40,10/29/2013 20:56,41.89186,-87.62062,262,Fairbanks Ct & Grand Ave,888616,961,Subscriber
1251,1963,Hampden Ct & Diversey Pkwy,41.92197,-87.63854,191,Sedgwick St & Webster Ave,Male,1437,0,Sedgwick St & Webster Ave,10/30/2013 15:59,10/30/2013 16:08,41.93262,-87.642385,123,Hampden Ct & Diversey Pkwy,893274,560,Subscriber
1251,,Lake Shore Dr & North Blvd,41.891071,-87.6122,22,Streeter Dr & Illinois St,,2980,0,Streeter Dr & Illinois St,11/1/2013 15:08,11/1/2013 15:35,41.911722,-87.626804,328,Lake Shore Dr & North Blvd,901801,1636,Customer
1251,,Sedgwick St & Webster Ave,41.911722,-87.626804,328,Lake Shore Dr & North Blvd,,1722,0,Lake Shore Dr & North Blvd,11/1/2013 17:26,11/1/2013 17:35,41.92197,-87.63854,191,Sedgwick St & Webster Ave,903199,550,Customer
1251,1986,Clark St & Wrightwood Ave,41.8793563587,-87.6297910363,20,Dearborn St & Adams St,Male,5969,1.5,Dearborn St & Adams St,11/1/2013 18:52,11/1/2013 19:24,41.929546,-87.643118,209,Clark St & Wrightwood Ave,903860,1900,Subscriber
1251,1986,Clarendon Ave & Junior Ter,41.929546,-87.643118,209,Clark St & Wrightwood Ave,Male,4798,0,Clark St & Wrightwood Ave,11/2/2013 2:14,11/2/2013 2:29,41.961004,-87.649603,389,Clarendon Ave & Junior Ter,904551,921,Subscriber
1251,1961,Halsted St & Wrightwood Ave,41.961004,-87.649603,389,Clarendon Ave & Junior Ter,Male,5232,0,Clarendon Ave & Junior Ter,11/2/2013 7:46,11/2/2013 8:08,41.929143,-87.649077,210,Halsted St & Wrightwood Ave,904756,1342,Subscriber
1251,1961,Sheffield Ave & Kingsbury St,41.929143,-87.649077,210,Halsted St & Wrightwood Ave,Male,2561,0,Halsted St & Wrightwood Ave,11/2/2013 8:10,11/2/2013 8:28,41.90959193,-87.65349723,154,Sheffield Ave & Kingsbury St,904804,1069,Subscriber
1251,,Kingsbury St & Erie St,41.90959193,-87.65349723,154,Sheffield Ave & Kingsbury St,,2628,0,Sheffield Ave & Kingsbury St,11/2/2013 14:29,11/2/2013 14:41,41.89384315,-87.64185116,265,Kingsbury St & Erie St,907331,721,Customer
1251,,Dearborn St & Adams St,41.89384315,-87.64185116,265,Kingsbury St & Erie St,,2473,0,Kingsbury St & Erie St,11/3/2013 6:44,11/3/2013 6:58,41.8793563587,-87.6297910363,20,Dearborn St & Adams St,909921,818,Customer
1251,,Michigan Ave & Oak St,41.8793563587,-87.6297910363,20,Dearborn St & Adams St,,2917,14.0,Dearborn St & Adams St,11/3/2013 10:45,11/3/2013 12:39,41.90096039,-87.62377664,42,Michigan Ave & Oak St,910795,6863,Customer
1251,,Streeter Dr & Illinois St,41.90096039,-87.62377664,42,Michigan Ave & Oak St,,2418,0,Michigan Ave & Oak St,11/3/2013 13:56,11/3/2013 14:13,41.891071,-87.6122,22,Streeter Dr & Illinois St,912382,1009,Customer
1251,,Wabash Ave & Grand Ave,41.891071,-87.6122,22,Streeter Dr & Illinois St,,1416,0,Streeter Dr & Illinois St,11/3/2013 18:11,11/3/2013 18:20,41.891738,-87.626937,4,Wabash Ave & Grand Ave,914346,506,Customer
1251,,Green St & Randolph St,41.907993,-87.631501,200,Clark St & Schiller St,,4298,0,Clark St & Schiller St,11/4/2013 6:59,11/4/2013 7:22,41.884078,-87.648684,53,Green St & Randolph St,915477,1351,Customer
1251,1976,May St & Fulton St,41.884078,-87.648684,53,Green St & Randolph St,Male,906,0,Green St & Randolph St,11/4/2013 7:38,11/4/2013 7:42,41.886773,-87.656001,197,May St & Fulton St,915812,264,Subscriber
1251,1979,Clinton St & Madison St,41.886773,-87.656001,197,May St & Fulton St,Male,1955,0,May St & Fulton St,11/4/2013 7:51,11/4/2013 7:58,41.8815824,-87.64127743,301,Clinton St & Madison St,915980,460,Subscriber
1251,1987,Morgan St & Lake St,41.87464,-87.65703,76,Racine Ave & Congress Pkwy,Female,1752,0,Racine Ave & Congress Pkwy,11/4/2013 8:47,11/4/2013 8:56,41.8854833079,-87.6523048564,72,Morgan St & Lake St,916732,491,Subscriber
1251,1960,Dayton St & North Ave,41.8854833079,-87.6523048564,72,Morgan St & Lake St,Male,3267,0,Morgan St & Lake St,11/4/2013 9:03,11/4/2013 9:15,41.9105780349,-87.6494219288,58,Dayton St & North Ave,916876,731,Subscriber
1251,1981,Franklin St & Chicago Ave,41.94018,-87.65304,69,Wilton Ave & Belmont Ave,Male,5488,0,Wilton Ave & Belmont Ave,11/5/2013 7:58,11/5/2013 8:14,41.89680204,-87.63563839,17,Franklin St & Chicago Ave,923461,939,Subscriber
1251,1988,Lincoln Ave & Fullerton Ave,41.88918,-87.6277,50,State St & Kinzie St,Male,4966,0,State St & Kinzie St,11/5/2013 18:09,11/5/2013 18:33,41.925905,-87.64926,131,Lincoln Ave & Fullerton Ave,927901,1441,Subscriber
1251,1991,Sedgwick St & Webster Ave,41.925905,-87.64926,131,Lincoln Ave & Fullerton Ave,Male,1070,0,Lincoln Ave & Fullerton Ave,11/6/2013 17:23,11/6/2013 17:27,41.92197,-87.63854,191,Sedgwick St & Webster Ave,931986,244,Subscriber
1251,1944,Michigan Ave & Oak St,41.92197,-87.63854,191,Sedgwick St & Webster Ave,Female,3081,0,Sedgwick St & Webster Ave,11/7/2013 9:16,11/7/2013 9:32,41.90096039,-87.62377664,42,Michigan Ave & Oak St,935337,984,Subscriber
1251,1975,Dearborn Pkwy & Delaware Pl,41.90096039,-87.62377664,42,Michigan Ave & Oak St,Male,932,0,Michigan Ave & Oak St,11/7/2013 16:21,11/7/2013 16:25,41.899007,-87.629928,173,Dearborn Pkwy & Delaware Pl,937827,254,Subscriber
1251,1971,Sheridan Rd & Irving Park Rd,41.899007,-87.629928,173,Dearborn Pkwy & Delaware Pl,Male,6739,0,Dearborn Pkwy & Delaware Pl,11/8/2013 2:03,11/8/2013 2:24,41.95434,-87.654601,63,Sheridan Rd & Irving Park Rd,940348,1237,Subscriber
1251,,Broadway & Sheridan Rd,41.95434,-87.654601,63,Sheridan Rd & Irving Park Rd,,558,2.0,Sheridan Rd & Irving Park Rd,11/8/2013 15:19,11/8/2013 15:54,41.952833,-87.649993,323,Broadway & Sheridan Rd,943923,2133,Customer
1251,1982,Sheridan Rd & Irving Park Rd,41.952833,-87.649993,323,Broadway & Sheridan Rd,Male,558,0,Broadway & Sheridan Rd,11/8/2013 16:32,11/8/2013 16:34,41.95434,-87.654601,63,Sheridan Rd & Irving Park Rd,944569,114,Subscriber
1251,1989,Clarendon Ave & Junior Ter,41.95434,-87.654601,63,Sheridan Rd & Irving Park Rd,Male,1147,0,Sheridan Rd & Irving Park Rd,11/8/2013 19:37,11/8/2013 19:43,41.961004,-87.649603,389,Clarendon Ave & Junior Ter,946102,329,Subscriber
1251,1989,Sheridan Rd & Irving Park Rd,41.961004,-87.649603,389,Clarendon Ave & Junior Ter,Male,1126,0,Clarendon Ave & Junior Ter,11/9/2013 7:39,11/9/2013 7:44,41.95434,-87.654601,63,Sheridan Rd & Irving Park Rd,947032,311,Subscriber
1251,1974,Sheridan Rd & Buena Ave,41.95434,-87.654601,63,Sheridan Rd & Irving Park Rd,Male,488,0,Sheridan Rd & Irving Park Rd,11/9/2013 16:30,11/9/2013 16:33,41.9584,-87.65423,374,Sheridan Rd & Buena Ave,951836,150,Subscriber
1251,,Sheffield Ave & Wrightwood Ave,41.9584,-87.65423,374,Sheridan Rd & Buena Ave,,3339,0,Sheridan Rd & Buena Ave,11/9/2013 21:52,11/9/2013 22:04,41.928712,-87.653833,211,Sheffield Ave & Wrightwood Ave,953599,739,Customer
1251,1977,Wilton Ave & Belmont Ave,41.943662,-87.648917,127,Halsted St & Roscoe St,Female,918,0,Halsted St & Roscoe St,11/10/2013 15:27,11/10/2013 15:31,41.94018,-87.65304,69,Wilton Ave & Belmont Ave,957197,252,Subscriber
1251,,Greenview Ave & Fullerton Ave,41.936669,-87.636794,234,Lake Shore Dr & Wellington Ave,,3696,0,Lake Shore Dr & Wellington Ave,11/10/2013 21:44,11/10/2013 22:05,41.92533,-87.6658,295,Greenview Ave & Fullerton Ave,959052,1249,Customer
1251,1978,Ashland Ave & Armitage Ave,41.92533,-87.6658,295,Greenview Ave & Fullerton Ave,Male,1806,0,Greenview Ave & Fullerton Ave,11/11/2013 8:39,11/11/2013 8:44,41.9178588677,-87.668919,25,Ashland Ave & Armitage Ave,960429,285,Subscriber
1251,1975,Sheffield Ave & Kingsbury St,41.9178588677,-87.668919,25,Ashland Ave & Armitage Ave,Male,1958,0,Ashland Ave & Armitage Ave,11/12/2013 8:39,11/12/2013 8:50,41.90959193,-87.65349723,154,Sheffield Ave & Kingsbury St,963950,626,Subscriber
1251,,Ashland Ave & Armitage Ave,41.90959193,-87.65349723,154,Sheffield Ave & Kingsbury St,,1958,0,Sheffield Ave & Kingsbury St,11/13/2013 15:07,11/13/2013 15:18,41.9178588677,-87.668919,25,Ashland Ave & Armitage Ave,970857,605,Customer
1251,1978,Damen Ave & Cortland Ave,41.9178588677,-87.668919,25,Ashland Ave & Armitage Ave,Male,910,0,Ashland Ave & Armitage Ave,11/13/2013 15:20,11/13/2013 15:24,41.916027,-87.677411,133,Damen Ave & Cortland Ave,970931,232,Subscriber
1251,1974,Franklin St & Arcade Pl,41.916027,-87.677411,133,Damen Ave & Cortland Ave,Male,5991,0,Damen Ave & Cortland Ave,11/15/2013 8:11,11/15/2013 8:41,41.881131,-87.635185,57,Franklin St & Arcade Pl,979495,1771,Subscriber
1251,1957,Dearborn St & Monroe St,41.87817,-87.631985,32,LaSalle St & Jackson Blvd,Male,574,0,LaSalle St & Jackson Blvd,11/15/2013 16:00,11/15/2013 16:03,41.881319815,-87.6295209193,49,Dearborn St & Monroe St,982405,145,Subscriber
1251,1970,Sedgwick St & Schiller St,41.881319815,-87.6295209193,49,Dearborn St & Monroe St,Male,3625,0,Dearborn St & Monroe St,11/15/2013 18:18,11/15/2013 18:34,41.907576,-87.638517,410,Sedgwick St & Schiller St,983797,956,Subscriber
1251,1980,Clark St & Congress Pkwy,41.907576,-87.638517,410,Sedgwick St & Schiller St,Male,4343,0,Sedgwick St & Schiller St,11/18/2013 13:04,11/18/2013 13:25,41.8759326655,-87.6305845355,9,Clark St & Congress Pkwy,993000,1281,Subscriber
1251,1965,Sheffield Ave & Fullerton Ave,41.92888,-87.66317,298,Southport Ave & Wrightwood Ave,Male,1159,0,Southport Ave & Wrightwood Ave,11/20/2013 8:39,11/20/2013 8:44,41.9256018819,-87.6537080423,60,Sheffield Ave & Fullerton Ave,1002511,305,Subscriber
1251,1986,Wilton Ave & Belmont Ave,41.9364968219,-87.6475386582,232,Clark St & Wellington Ave,Male,695,0,Clark St & Wellington Ave,11/20/2013 11:52,11/20/2013 11:55,41.94018,-87.65304,69,Wilton Ave & Belmont Ave,1003447,205,Subscriber
1251,1988,Broadway & Barry Ave,41.94018,-87.65304,69,Wilton Ave & Belmont Ave,Female,1021,0,Wilton Ave & Belmont Ave,11/20/2013 17:57,11/20/2013 18:02,41.937739,-87.644094,137,Broadway & Barry Ave,1005657,344,Subscriber
1251,1987,Lake Shore Dr & North Blvd,41.937739,-87.644094,137,Broadway & Barry Ave,Male,4193,0,Broadway & Barry Ave,11/21/2013 7:48,11/21/2013 8:04,41.911722,-87.626804,328,Lake Shore Dr & North Blvd,1007213,960,Subscriber
1251,1987,Lake Shore Dr & Monroe St,41.911722,-87.626804,328,Lake Shore Dr & North Blvd,Male,4489,0,Lake Shore Dr & North Blvd,11/21/2013 8:04,11/21/2013 8:20,41.88105,-87.61697,300,Lake Shore Dr & Monroe St,1007362,958,Subscriber
1251,1987,Franklin St & Arcade Pl,41.88105,-87.61697,300,Lake Shore Dr & Monroe St,Male,2242,0,Lake Shore Dr & Monroe St,11/21/2013 8:20,11/21/2013 8:30,41.881131,-87.635185,57,Franklin St & Arcade Pl,1007547,565,Subscriber
1251,1989,Canal St & Jackson Blvd,41.8815824,-87.64127743,301,Clinton St & Madison St,Female,488,0,Clinton St & Madison St,11/21/2013 18:57,11/21/2013 18:59,41.87811421,-87.63997112,138,Canal St & Jackson Blvd,1010804,131,Subscriber
1251,1978,Jefferson St & Monroe St,41.87811421,-87.63997112,138,Canal St & Jackson Blvd,Male,812,0,Canal St & Jackson Blvd,11/21/2013 19:04,11/21/2013 19:07,41.880422,-87.642746,38,Jefferson St & Monroe St,1010834,172,Subscriber
1251,1978,Peoria St & Jackson Blvd,41.880422,-87.642746,38,Jefferson St & Monroe St,Male,1386,0,Jefferson St & Monroe St,11/21/2013 19:18,11/21/2013 19:22,41.877749,-87.649633,158,Peoria St & Jackson Blvd,1010880,232,Subscriber
1251,1978,Canal St & Jackson Blvd,41.877749,-87.649633,158,Peoria St & Jackson Blvd,Male,813,0,Peoria St & Jackson Blvd,11/22/2013 6:34,11/22/2013 6:37,41.87811421,-87.63997112,138,Canal St & Jackson Blvd,1011653,206,Subscriber
1251,1968,Michigan Ave & Jackson Blvd,41.87811421,-87.63997112,138,Canal St & Jackson Blvd,Male,1354,0,Canal St & Jackson Blvd,11/22/2013 6:42,11/22/2013 6:49,41.87785,-87.62408,340,Michigan Ave & Jackson Blvd,1011667,460,Subscriber
1251,1960,Canal St & Madison St,41.87785,-87.62408,340,Michigan Ave & Jackson Blvd,Male,1778,0,Michigan Ave & Jackson Blvd,11/22/2013 18:59,11/22/2013 19:08,41.882091,-87.639833,341,Canal St & Madison St,1015439,572,Subscriber
1251,1983,Franklin St & Jackson Blvd,41.881131,-87.635185,57,Franklin St & Arcade Pl,Male,819,0,Franklin St & Arcade Pl,11/24/2013 13:57,11/24/2013 14:00,41.8777079559,-87.6353211408,19,Franklin St & Jackson Blvd,1019002,172,Subscriber
1251,1975,Noble St & Milwaukee Ave,41.929567,-87.707857,85,Kedzie Ave & Milwaukee Ave,Male,4935,0,Kedzie Ave & Milwaukee Ave,12/2/2013 7:09,12/2/2013 7:27,41.90068,-87.6626,290,Noble St & Milwaukee Ave,1038594,1080,Subscriber
1251,1975,Dearborn St & Adams St,41.90068,-87.6626,290,Noble St & Milwaukee Ave,Male,4365,0,Noble St & Milwaukee Ave,12/2/2013 7:27,12/2/2013 7:47,41.8793563587,-87.6297910363,20,Dearborn St & Adams St,1038712,1182,Subscriber
1251,1980,Wabash Ave & Roosevelt Rd,41.8793563587,-87.6297910363,20,Dearborn St & Adams St,Male,1681,0,Dearborn St & Adams St,12/2/2013 16:02,12/2/2013 16:13,41.8671729952,-87.6259550069,31,Wabash Ave & Roosevelt Rd,1040883,673,Subscriber
1251,1987,State St & 16th St,41.8671729952,-87.6259550069,31,Wabash Ave & Roosevelt Rd,Male,949,0,Wabash Ave & Roosevelt Rd,12/2/2013 17:23,12/2/2013 17:27,41.8601213774,-87.6277291853,148,State St & 16th St,1041545,199,Subscriber
1251,1981,Franklin St & Arcade Pl,41.8601213774,-87.6277291853,148,State St & 16th St,Male,3270,0,State St & 16th St,12/4/2013 9:33,12/4/2013 9:44,41.881131,-87.635185,57,Franklin St & Arcade Pl,1049556,664,Subscriber
1251,1983,State St & Van Buren St,41.881131,-87.635185,57,Franklin St & Arcade Pl,Male,1073,0,Franklin St & Arcade Pl,12/4/2013 10:54,12/4/2013 10:59,41.877181,-87.627844,3,State St & Van Buren St,1049918,301,Subscriber
1251,1988,Ogden Ave & Race Ave,41.888243,-87.63639,13,Orleans St & Merchandise Mart Plaza,Male,3033,0,Orleans St & Merchandise Mart Plaza,12/4/2013 18:11,12/4/2013 18:25,41.891795,-87.658751,194,Ogden Ave & Race Ave,1052367,821,Subscriber
1251,1979,Ashland Ave & Augusta Blvd,41.891795,-87.658751,194,Ogden Ave & Race Ave,Male,1616,0,Ogden Ave & Race Ave,12/4/2013 20:50,12/4/2013 20:58,41.899643,-87.6677,248,Ashland Ave & Augusta Blvd,1053195,452,Subscriber
1251,1972,May St & Fulton St,41.917741,-87.691392,266,Stave St & Armitage Ave,Male,5783,0,Stave St & Armitage Ave,12/13/2013 6:35,12/13/2013 6:55,41.886773,-87.656001,197,May St & Fulton St,1073759,1183,Subscriber
1251,1987,Sangamon St & Washington Blvd,41.886773,-87.656001,197,May St & Fulton St,Male,938,0,May St & Fulton St,12/13/2013 7:49,12/13/2013 7:52,41.883004,-87.651148,409,Sangamon St & Washington Blvd,1073933,238,Subscriber
1251,1986,Wells St & Walton St,41.883004,-87.651148,409,Sangamon St & Washington Blvd,Male,3287,0,Sangamon St & Washington Blvd,12/13/2013 17:37,12/13/2013 17:52,41.89993001,-87.63443007,46,Wells St & Walton St,1075993,957,Subscriber
1251,1988,Wells St & Erie St,41.89993001,-87.63443007,46,Wells St & Walton St,Male,678,0,Wells St & Walton St,12/13/2013 20:10,12/13/2013 20:14,41.893832,-87.634195,64,Wells St & Erie St,1076453,223,Subscriber
1251,1949,Franklin St & Arcade Pl,41.891071,-87.6122,22,Streeter Dr & Illinois St,Male,3482,0,Streeter Dr & Illinois St,12/17/2013 9:04,12/17/2013 9:19,41.881131,-87.635185,57,Franklin St & Arcade Pl,1081717,943,Subscriber
1251,1987,Clark St & Randolph St,41.881131,-87.635185,57,Franklin St & Arcade Pl,Male,1063,0,Franklin St & Arcade Pl,12/17/2013 18:26,12/17/2013 18:28,41.884576228,-87.63188991,5,Clark St & Randolph St,1083310,132,Subscriber
1251,1978,Dearborn St & Adams St,41.884576228,-87.63188991,5,Clark St & Randolph St,Male,897,0,Clark St & Randolph St,12/18/2013 12:48,12/18/2013 12:55,41.8793563587,-87.6297910363,20,Dearborn St & Adams St,1085213,420,Subscriber
1251,1968,Canal St & Madison St,41.8793563587,-87.6297910363,20,Dearborn St & Adams St,Male,1125,0,Dearborn St & Adams St,12/18/2013 15:51,12/18/2013 15:56,41.882091,-87.639833,341,Canal St & Madison St,1085765,298,Subscriber
1251,1984,Ada St & Washington Blvd,41.8860581151,-87.6242893413,43,Michigan Ave & Lake St,Male,4191,0,Michigan Ave & Lake St,12/19/2013 17:20,12/19/2013 17:35,41.88283,-87.661206,353,Ada St & Washington Blvd,1089833,911,Subscriber
1251,1975,Loomis St & Jackson Blvd,41.88283,-87.661206,353,Ada St & Washington Blvd,Male,880,0,Ada St & Washington Blvd,12/20/2013 7:40,12/20/2013 7:47,41.877945,-87.662007,206,Loomis St & Jackson Blvd,1091097,427,Subscriber
1251,1964,Loomis St & Lexington St,41.877945,-87.662007,206,Loomis St & Jackson Blvd,Male,661,0,Loomis St & Jackson Blvd,12/20/2013 12:43,12/20/2013 12:46,41.872187,-87.661501,332,Loomis St & Lexington St,1091948,209,Subscriber
1251,1987,Loomis St & Lexington St,41.872187,-87.661501,332,Loomis St & Lexington St,Male,0,0,Loomis St & Lexington St,12/25/2013 13:49,12/25/2013 14:00,41.872187,-87.661501,332,Loomis St & Lexington St,1098911,674,Subscriber
1251,1948,Michigan Ave & Jackson Blvd,41.872187,-87.661501,332,Loomis St & Lexington St,Female,3919,0,Loomis St & Lexington St,12/26/2013 17:21,12/26/2013 17:45,41.87785,-87.62408,340,Michigan Ave & Jackson Blvd,1100127,1472,Subscriber
1251,1982,Fairbanks Ct & Grand Ave,41.87785,-87.62408,340,Michigan Ave & Jackson Blvd,Male,2925,0,Michigan Ave & Jackson Blvd,12/26/2013 18:54,12/26/2013 19:01,41.89186,-87.62062,262,Fairbanks Ct & Grand Ave,1100266,435,Subscriber
1251,1980,Wells St & Ohio St,41.89186,-87.62062,262,Fairbanks Ct & Grand Ave,Male,1186,0,Fairbanks Ct & Grand Ave,12/27/2013 22:12,12/27/2013 22:23,41.892238,-87.633985,264,Wells St & Ohio St,1102783,638,Subscriber
1251,1980,Aberdeen St & Madison St,41.892238,-87.633985,264,Wells St & Ohio St,Male,2963,0,Wells St & Ohio St,12/27/2013 22:23,12/27/2013 22:34,41.881487,-87.654752,156,Aberdeen St & Madison St,1102795,686,Subscriber
