bikeid,birthyear,end_station,from_lat,from_long,from_station_id,from_station_name,gender,meters,overage,start_station,starttime,stoptime,to_lat,to_long,to_station_id,to_station_name,trip_id,tripduration,usertype
461,,Wood St & Milwaukee Ave,41.89384315,-87.64185116,265,Kingsbury St & Erie St,,3320,0,Kingsbury St & Erie St,7/1/2013 13:36,7/1/2013 13:53,41.907655,-87.672552,221,Wood St & Milwaukee Ave,13905,1004,Customer
461,1984,Wood St & Division St,41.907655,-87.672552,221,Wood St & Milwaukee Ave,Male,634,0,Wood St & Milwaukee Ave,7/4/2013 12:26,7/4/2013 12:30,41.90332,-87.67273,246,Wood St & Division St,22566,230,Subscriber
461,,Wood St & Division St,41.90332,-87.67273,246,Wood St & Division St,,0,86.0,Wood St & Division St,7/4/2013 12:52,7/4/2013 19:20,41.90332,-87.67273,246,Wood St & Division St,22696,23301,Customer
461,1973,Wood St & Milwaukee Ave,41.90332,-87.67273,246,Wood St & Division St,Male,599,0,Wood St & Division St,7/4/2013 19:27,7/4/2013 19:30,41.907655,-87.672552,221,Wood St & Milwaukee Ave,24969,180,Subscriber
461,1973,Wood St & Division St,41.907655,-87.672552,221,Wood St & Milwaukee Ave,Male,634,0,Wood St & Milwaukee Ave,7/4/2013 19:32,7/4/2013 19:35,41.90332,-87.67273,246,Wood St & Division St,24978,160,Subscriber
461,,Lakeview Ave & Fullerton Pkwy,41.90332,-87.67273,246,Wood St & Division St,,5875,0,Wood St & Division St,7/4/2013 20:59,7/4/2013 21:20,41.925858,-87.638973,147,Lakeview Ave & Fullerton Pkwy,25334,1289,Customer
461,,Michigan Ave & Pearson St,41.865861,-87.646611,166,Halsted St & James M Rochford St,,5552,2.0,Halsted St & James M Rochford St,7/5/2013 15:22,7/5/2013 16:06,41.89766,-87.62351,34,Michigan Ave & Pearson St,28108,2599,Customer
461,,Michigan Ave & Pearson St,41.89766,-87.62351,34,Michigan Ave & Pearson St,,0,0,Michigan Ave & Pearson St,7/5/2013 16:14,7/5/2013 16:40,41.89766,-87.62351,34,Michigan Ave & Pearson St,28401,1559,Customer
461,,Racine Ave & Fullerton Ave,41.89766,-87.62351,34,Michigan Ave & Pearson St,,5566,0,Michigan Ave & Pearson St,7/5/2013 18:30,7/5/2013 18:54,41.92556258,-87.65840426,189,Racine Ave & Fullerton Ave,29039,1476,Customer
461,1991,Damen Ave & Pierce Ave,41.92556258,-87.65840426,189,Racine Ave & Fullerton Ave,Male,3308,0,Racine Ave & Fullerton Ave,7/5/2013 22:31,7/5/2013 22:55,41.9093960065,-87.6776919292,65,Damen Ave & Pierce Ave,29753,1469,Subscriber
461,1991,Racine Ave & Fullerton Ave,41.9093960065,-87.6776919292,65,Damen Ave & Pierce Ave,Male,3308,0,Damen Ave & Pierce Ave,7/6/2013 0:18,7/6/2013 0:31,41.92556258,-87.65840426,189,Racine Ave & Fullerton Ave,29971,770,Subscriber
461,1991,Michigan Ave & Pearson St,41.92556258,-87.65840426,189,Racine Ave & Fullerton Ave,Male,5112,0,Racine Ave & Fullerton Ave,7/6/2013 9:32,7/6/2013 9:48,41.89766,-87.62351,34,Michigan Ave & Pearson St,30381,1015,Subscriber
461,,Michigan Ave & Pearson St,41.89766,-87.62351,34,Michigan Ave & Pearson St,,0,6.0,Michigan Ave & Pearson St,7/6/2013 10:45,7/6/2013 11:55,41.89766,-87.62351,34,Michigan Ave & Pearson St,30587,4185,Customer
461,,Millennium Park,41.89766,-87.62351,34,Michigan Ave & Pearson St,,2251,2.0,Michigan Ave & Pearson St,7/6/2013 12:07,7/6/2013 12:39,41.8810317,-87.62408432,8,Millennium Park,30972,1914,Customer
461,,Wabash Ave & Roosevelt Rd,41.865212,-87.617759,29,Museum Campus,,1748,38.0,Museum Campus,7/6/2013 17:03,7/6/2013 20:26,41.8671729952,-87.6259550069,31,Wabash Ave & Roosevelt Rd,32762,12181,Customer
461,,Michigan Ave & Washington St,41.8671729952,-87.6259550069,31,Wabash Ave & Roosevelt Rd,,2159,14.0,Wabash Ave & Roosevelt Rd,7/7/2013 0:48,7/7/2013 2:31,41.8838927658,-87.6246491409,1,Michigan Ave & Washington St,34027,6124,Customer
461,,Michigan Ave & Washington St,41.8838927658,-87.6246491409,1,Michigan Ave & Washington St,,0,6.0,Michigan Ave & Washington St,7/7/2013 5:16,7/7/2013 6:24,41.8838927658,-87.6246491409,1,Michigan Ave & Washington St,34110,4048,Customer
461,,Museum Campus,41.8838927658,-87.6246491409,1,Michigan Ave & Washington St,,3088,2.0,Michigan Ave & Washington St,7/7/2013 10:14,7/7/2013 10:49,41.865212,-87.617759,29,Museum Campus,34410,2107,Customer
461,1987,Wabash Ave & Roosevelt Rd,41.865212,-87.617759,29,Museum Campus,Male,1748,0,Museum Campus,7/7/2013 10:54,7/7/2013 11:01,41.8671729952,-87.6259550069,31,Wabash Ave & Roosevelt Rd,34526,412,Subscriber
461,,Halsted St & Polk St,41.8671729952,-87.6259550069,31,Wabash Ave & Roosevelt Rd,,2332,2.0,Wabash Ave & Roosevelt Rd,7/7/2013 11:17,7/7/2013 12:14,41.87184,-87.64664,27,Halsted St & Polk St,34598,3407,Customer
461,,Wells St & Erie St,41.87184,-87.64664,27,Halsted St & Polk St,,3716,0,Halsted St & Polk St,7/7/2013 14:45,7/7/2013 15:08,41.893832,-87.634195,64,Wells St & Erie St,35557,1356,Customer
461,,Ashland Ave & Chicago Ave,41.893832,-87.634195,64,Wells St & Erie St,,3079,0,Wells St & Erie St,7/7/2013 16:36,7/7/2013 16:50,41.895966,-87.667747,247,Ashland Ave & Chicago Ave,36062,848,Customer
461,,McClurg Ct & Illinois St,41.895966,-87.667747,247,Ashland Ave & Chicago Ave,,4668,0,Ashland Ave & Chicago Ave,7/7/2013 17:03,7/7/2013 17:21,41.89102,-87.6173,51,McClurg Ct & Illinois St,36167,1075,Customer
461,,McClurg Ct & Illinois St,41.89102,-87.6173,51,McClurg Ct & Illinois St,,0,0,McClurg Ct & Illinois St,7/7/2013 17:24,7/7/2013 17:38,41.89102,-87.6173,51,McClurg Ct & Illinois St,36261,781,Customer
461,,Museum Campus,41.89102,-87.6173,51,McClurg Ct & Illinois St,,3908,2.0,McClurg Ct & Illinois St,7/7/2013 17:44,7/7/2013 18:17,41.865212,-87.617759,29,Museum Campus,36361,1934,Customer
461,,Millennium Park,41.865212,-87.617759,29,Museum Campus,,2764,0,Museum Campus,7/7/2013 18:37,7/7/2013 18:56,41.8810317,-87.62408432,8,Millennium Park,36546,1178,Customer
461,,Franklin St & Jackson Blvd,41.8810317,-87.62408432,8,Millennium Park,,1702,0,Millennium Park,7/7/2013 18:58,7/7/2013 19:10,41.8777079559,-87.6353211408,19,Franklin St & Jackson Blvd,36604,749,Customer
461,1980,Halsted St & 37th St,41.88338,-87.64117,10,Clinton St & Washington Blvd,Female,6791,0,Clinton St & Washington Blvd,7/8/2013 20:06,7/8/2013 20:26,41.827071,-87.645801,414,Halsted St & 37th St,39210,1191,Subscriber
461,1971,Clark St & Randolph St,41.877181,-87.627844,3,State St & Van Buren St,Male,1204,0,State St & Van Buren St,7/9/2013 18:28,7/9/2013 18:36,41.884576228,-87.63188991,5,Clark St & Randolph St,42681,466,Subscriber
461,,Canal St & Jackson Blvd,41.884576228,-87.63188991,5,Clark St & Randolph St,,1578,0,Clark St & Randolph St,7/9/2013 19:14,7/9/2013 19:25,41.87811421,-87.63997112,138,Canal St & Jackson Blvd,42780,643,Customer
461,1991,State St & Harrison St,41.8815824,-87.64127743,301,Clinton St & Madison St,Male,1994,0,Clinton St & Madison St,7/10/2013 17:00,7/10/2013 17:14,41.8739580629,-87.6277394859,30,State St & Harrison St,46215,836,Subscriber
461,1970,Wood St & North Ave,41.884337,-87.630183,23,Daley Center Plaza,Male,5114,0,Daley Center Plaza,7/10/2013 18:01,7/10/2013 18:24,41.910329,-87.672516,223,Wood St & North Ave,46518,1392,Subscriber
461,1989,Green St & Milwaukee Ave,41.89637337,-87.66098386,289,Eckhart Park,Male,1212,0,Eckhart Park,7/11/2013 10:17,7/11/2013 10:25,41.891733,-87.648727,33,Green St & Milwaukee Ave,48113,461,Subscriber
461,,Michigan Ave & Washington St,41.891733,-87.648727,33,Green St & Milwaukee Ave,,2889,0,Green St & Milwaukee Ave,7/11/2013 13:13,7/11/2013 13:41,41.8838927658,-87.6246491409,1,Michigan Ave & Washington St,48634,1648,Customer
461,,Franklin St & Jackson Blvd,41.8838927658,-87.6246491409,1,Michigan Ave & Washington St,,1760,0,Michigan Ave & Washington St,7/11/2013 17:48,7/11/2013 17:56,41.8777079559,-87.6353211408,19,Franklin St & Jackson Blvd,49995,514,Customer
461,1970,Millennium Park,41.8777079559,-87.6353211408,19,Franklin St & Jackson Blvd,Male,1262,0,Franklin St & Jackson Blvd,7/11/2013 18:15,7/11/2013 18:21,41.8810317,-87.62408432,8,Millennium Park,50124,388,Subscriber
461,1995,Clinton St & Washington Blvd,41.8810317,-87.62408432,8,Millennium Park,Male,1902,0,Millennium Park,7/11/2013 18:22,7/11/2013 18:29,41.88338,-87.64117,10,Clinton St & Washington Blvd,50159,422,Subscriber
461,,Michigan Ave & Oak St,41.88338,-87.64117,10,Clinton St & Washington Blvd,,3449,0,Clinton St & Washington Blvd,7/12/2013 7:43,7/12/2013 8:04,41.90096039,-87.62377664,42,Michigan Ave & Oak St,51335,1221,Customer
461,,Lake Shore Dr & Monroe St,41.90096039,-87.62377664,42,Michigan Ave & Oak St,,3603,0,Michigan Ave & Oak St,7/12/2013 8:25,7/12/2013 8:44,41.88105,-87.61697,300,Lake Shore Dr & Monroe St,51488,1145,Customer
461,,Wabash Ave & Roosevelt Rd,41.88105,-87.61697,300,Lake Shore Dr & Monroe St,,2516,0,Lake Shore Dr & Monroe St,7/12/2013 8:45,7/12/2013 9:03,41.8671729952,-87.6259550069,31,Wabash Ave & Roosevelt Rd,51556,1052,Customer
461,1967,Daley Center Plaza,41.8671729952,-87.6259550069,31,Wabash Ave & Roosevelt Rd,Male,2250,0,Wabash Ave & Roosevelt Rd,7/12/2013 9:52,7/12/2013 10:16,41.884337,-87.630183,23,Daley Center Plaza,51771,1419,Subscriber
461,1982,Museum Campus,41.884337,-87.630183,23,Daley Center Plaza,Male,3758,0,Daley Center Plaza,7/12/2013 10:24,7/12/2013 10:47,41.865212,-87.617759,29,Museum Campus,51922,1364,Subscriber
461,1982,Dearborn St & Adams St,41.865212,-87.617759,29,Museum Campus,Male,3154,0,Museum Campus,7/12/2013 11:25,7/12/2013 11:42,41.8793563587,-87.6297910363,20,Dearborn St & Adams St,52183,1019,Subscriber
461,1980,McClurg Ct & Illinois St,41.8793563587,-87.6297910363,20,Dearborn St & Adams St,Female,2328,0,Dearborn St & Adams St,7/12/2013 12:27,7/12/2013 12:41,41.89102,-87.6173,51,McClurg Ct & Illinois St,52559,893,Subscriber
461,,Michigan Ave & Pearson St,41.89102,-87.6173,51,McClurg Ct & Illinois St,,1368,6.0,McClurg Ct & Illinois St,7/12/2013 13:36,7/12/2013 14:36,41.89766,-87.62351,34,Michigan Ave & Pearson St,52888,3622,Customer
461,,Larrabee St & Menomonee St,41.89766,-87.62351,34,Michigan Ave & Pearson St,,4361,2.0,Michigan Ave & Pearson St,7/12/2013 18:15,7/12/2013 18:51,41.91468,-87.64332,282,Larrabee St & Menomonee St,54271,2158,Customer
461,,Michigan Ave & Pearson St,41.91468,-87.64332,282,Larrabee St & Menomonee St,,3394,2.0,Larrabee St & Menomonee St,7/13/2013 12:07,7/13/2013 12:52,41.89766,-87.62351,34,Michigan Ave & Pearson St,56286,2705,Customer
461,,Michigan Ave & Washington St,41.89384315,-87.64185116,265,Kingsbury St & Erie St,,2348,2.0,Kingsbury St & Erie St,7/13/2013 14:18,7/13/2013 14:49,41.8838927658,-87.6246491409,1,Michigan Ave & Washington St,57142,1808,Customer
461,,Fairbanks Ct & Grand Ave,41.8838927658,-87.6246491409,1,Michigan Ave & Washington St,,1827,0,Michigan Ave & Washington St,7/13/2013 14:57,7/13/2013 15:06,41.89186,-87.62062,262,Fairbanks Ct & Grand Ave,57461,539,Customer
461,,State St & 16th St,41.89186,-87.62062,262,Fairbanks Ct & Grand Ave,,6182,2.0,Fairbanks Ct & Grand Ave,7/13/2013 16:12,7/13/2013 16:46,41.8601213774,-87.6277291853,148,State St & 16th St,57926,2051,Customer
461,,Racine Ave & 18th St,41.8601213774,-87.6277291853,148,State St & 16th St,,2792,0,State St & 16th St,7/13/2013 17:11,7/13/2013 17:23,41.8581806068,-87.6564866473,164,Racine Ave & 18th St,58290,704,Customer
461,,Eckhart Park,41.8581806068,-87.6564866473,164,Racine Ave & 18th St,,5974,0,Racine Ave & 18th St,7/13/2013 17:24,7/13/2013 17:49,41.89637337,-87.66098386,289,Eckhart Park,58370,1531,Customer
461,,Ashland Ave & Augusta Blvd,41.89637337,-87.66098386,289,Eckhart Park,,951,0,Eckhart Park,7/14/2013 11:53,7/14/2013 12:20,41.899643,-87.6677,248,Ashland Ave & Augusta Blvd,60578,1592,Customer
461,,Clinton St & Lake St,41.899643,-87.6677,248,Ashland Ave & Augusta Blvd,,2990,14.0,Ashland Ave & Augusta Blvd,7/14/2013 12:23,7/14/2013 14:09,41.8858327415,-87.6413823149,21,Clinton St & Lake St,60740,6342,Customer
461,,Carpenter St & Huron St,41.8858327415,-87.6413823149,21,Clinton St & Lake St,,1700,0,Clinton St & Lake St,7/14/2013 14:11,7/14/2013 14:30,41.894556,-87.653449,196,Carpenter St & Huron St,61424,1147,Customer
461,,Desplaines St & Kinzie St,41.894556,-87.653449,196,Carpenter St & Huron St,,1108,2.0,Carpenter St & Huron St,7/14/2013 14:47,7/14/2013 15:17,41.888716036,-87.6444478533,39,Desplaines St & Kinzie St,61668,1810,Customer
461,,McClurg Ct & Illinois St,41.888716036,-87.6444478533,39,Desplaines St & Kinzie St,,2463,2.0,Desplaines St & Kinzie St,7/14/2013 15:23,7/14/2013 15:53,41.89102,-87.6173,51,McClurg Ct & Illinois St,61913,1812,Customer
461,,Montrose Harbor,41.89102,-87.6173,51,McClurg Ct & Illinois St,,10273,0,McClurg Ct & Illinois St,7/14/2013 16:00,7/14/2013 16:27,41.963982,-87.638181,388,Montrose Harbor,62178,1627,Customer
461,,Halsted St & 37th St,41.963982,-87.638181,388,Montrose Harbor,,19453,2.0,Montrose Harbor,7/14/2013 16:50,7/14/2013 17:24,41.827071,-87.645801,414,Halsted St & 37th St,62512,2068,Customer
461,1983,State St & 16th St,41.827071,-87.645801,414,Halsted St & 37th St,Female,4880,0,Halsted St & 37th St,7/14/2013 17:26,7/14/2013 17:30,41.8601213774,-87.6277291853,148,State St & 16th St,62727,259,Subscriber
461,,State St & Randolph St,41.8601213774,-87.6277291853,148,State St & 16th St,,3376,0,State St & 16th St,7/14/2013 17:54,7/14/2013 18:12,41.8847302006,-87.6277335692,2,State St & Randolph St,62901,1054,Customer
461,1987,State St & Randolph St,41.8847302006,-87.6277335692,2,State St & Randolph St,Female,0,0,State St & Randolph St,7/14/2013 18:20,7/14/2013 18:39,41.8847302006,-87.6277335692,2,State St & Randolph St,63030,1155,Subscriber
461,,McClurg Ct & Illinois St,41.88918,-87.6277,50,State St & Kinzie St,,1028,2.0,State St & Kinzie St,7/15/2013 16:53,7/15/2013 17:44,41.89102,-87.6173,51,McClurg Ct & Illinois St,66380,3049,Customer
461,,Michigan Ave & Oak St,41.89102,-87.6173,51,McClurg Ct & Illinois St,,2582,0,McClurg Ct & Illinois St,7/15/2013 18:43,7/15/2013 18:54,41.90096039,-87.62377664,42,Michigan Ave & Oak St,66927,665,Customer
461,,Michigan Ave & Oak St,41.90096039,-87.62377664,42,Michigan Ave & Oak St,,0,0,Michigan Ave & Oak St,7/15/2013 18:55,7/15/2013 19:21,41.90096039,-87.62377664,42,Michigan Ave & Oak St,66965,1532,Customer
461,,Wells St & Walton St,41.90096039,-87.62377664,42,Michigan Ave & Oak St,,966,0,Michigan Ave & Oak St,7/15/2013 19:53,7/15/2013 20:18,41.89993001,-87.63443007,46,Wells St & Walton St,67158,1522,Customer
461,,Michigan Ave & Oak St,41.89993001,-87.63443007,46,Wells St & Walton St,,966,0,Wells St & Walton St,7/15/2013 20:32,7/15/2013 20:56,41.90096039,-87.62377664,42,Michigan Ave & Oak St,67272,1418,Customer
461,,Michigan Ave & Washington St,41.90096039,-87.62377664,42,Michigan Ave & Oak St,,2880,0,Michigan Ave & Oak St,7/16/2013 15:42,7/16/2013 16:05,41.8838927658,-87.6246491409,1,Michigan Ave & Washington St,69388,1345,Customer
461,,Michigan Ave & Pearson St,41.8838927658,-87.6246491409,1,Michigan Ave & Washington St,,1996,0,Michigan Ave & Washington St,7/16/2013 16:55,7/16/2013 17:14,41.89766,-87.62351,34,Michigan Ave & Pearson St,69699,1165,Customer
461,,Lake Shore Dr & Ohio St,41.89766,-87.62351,34,Michigan Ave & Pearson St,,4583,0,Michigan Ave & Pearson St,7/16/2013 18:32,7/16/2013 18:40,41.89257,-87.614492,337,Lake Shore Dr & Ohio St,70208,491,Customer
461,,Michigan Ave & 18th St,41.89257,-87.614492,337,Lake Shore Dr & Ohio St,,5153,2.0,Lake Shore Dr & Ohio St,7/17/2013 0:43,7/17/2013 1:40,41.857937,-87.623633,150,Michigan Ave & 18th St,71112,3396,Customer
461,,Lake Shore Dr & Ohio St,41.857937,-87.623633,150,Michigan Ave & 18th St,,8715,2.0,Michigan Ave & 18th St,7/17/2013 2:13,7/17/2013 2:58,41.89257,-87.614492,337,Lake Shore Dr & Ohio St,71123,2676,Customer
461,,Desplaines St & Kinzie St,41.89257,-87.614492,337,Lake Shore Dr & Ohio St,,2837,0,Lake Shore Dr & Ohio St,7/17/2013 8:46,7/17/2013 8:59,41.888716036,-87.6444478533,39,Desplaines St & Kinzie St,71533,799,Customer
461,,State St & Randolph St,41.89384315,-87.64185116,265,Kingsbury St & Erie St,,1976,0,Kingsbury St & Erie St,7/18/2013 10:10,7/18/2013 10:22,41.8847302006,-87.6277335692,2,State St & Randolph St,74860,704,Customer
461,1984,Dearborn St & Monroe St,41.8847302006,-87.6277335692,2,State St & Randolph St,Male,509,0,State St & Randolph St,7/18/2013 12:03,7/18/2013 12:07,41.881319815,-87.6295209193,49,Dearborn St & Monroe St,75280,222,Subscriber
461,1982,Michigan Ave & Pearson St,41.881319815,-87.6295209193,49,Dearborn St & Monroe St,Male,2324,0,Dearborn St & Monroe St,7/18/2013 14:15,7/18/2013 14:30,41.89766,-87.62351,34,Michigan Ave & Pearson St,75743,884,Subscriber
461,,Dearborn St & Monroe St,41.89766,-87.62351,34,Michigan Ave & Pearson St,,2551,0,Michigan Ave & Pearson St,7/18/2013 15:09,7/18/2013 15:29,41.881319815,-87.6295209193,49,Dearborn St & Monroe St,75930,1177,Customer
461,1980,Larrabee St & Kingsbury St,41.881319815,-87.6295209193,49,Dearborn St & Monroe St,Male,2776,0,Dearborn St & Monroe St,7/18/2013 17:16,7/18/2013 17:26,41.897764,-87.642884,12,Larrabee St & Kingsbury St,76487,623,Subscriber
461,,Larrabee St & Kingsbury St,41.897764,-87.642884,12,Larrabee St & Kingsbury St,,0,0,Larrabee St & Kingsbury St,7/18/2013 17:58,7/18/2013 18:23,41.897764,-87.642884,12,Larrabee St & Kingsbury St,76654,1483,Customer
461,,California Ave & 21st St,41.897764,-87.642884,12,Larrabee St & Kingsbury St,,8433,0,Larrabee St & Kingsbury St,7/18/2013 18:25,7/18/2013 18:54,41.854016,-87.695445,96,California Ave & 21st St,76745,1708,Customer
461,,Michigan Ave & Oak St,41.854016,-87.695445,96,California Ave & 21st St,,12818,0,California Ave & 21st St,7/18/2013 19:02,7/18/2013 19:29,41.90096039,-87.62377664,42,Michigan Ave & Oak St,76881,1658,Customer
461,,Lake Shore Dr & Ohio St,41.90096039,-87.62377664,42,Michigan Ave & Oak St,,3934,0,Michigan Ave & Oak St,7/18/2013 19:33,7/18/2013 19:57,41.89257,-87.614492,337,Lake Shore Dr & Ohio St,77007,1455,Customer
461,,Michigan Ave & Washington St,41.8838927658,-87.6246491409,1,Michigan Ave & Washington St,,0,6.0,Michigan Ave & Washington St,7/18/2013 23:24,7/19/2013 0:26,41.8838927658,-87.6246491409,1,Michigan Ave & Washington St,77566,3763,Customer
461,,Lake Shore Dr & Monroe St,41.8838927658,-87.6246491409,1,Michigan Ave & Washington St,,1455,0,Michigan Ave & Washington St,7/19/2013 11:52,7/19/2013 12:22,41.88105,-87.61697,300,Lake Shore Dr & Monroe St,78615,1790,Customer
461,1986,Cannon Dr & Fullerton Ave,41.88105,-87.61697,300,Lake Shore Dr & Monroe St,Female,6522,0,Lake Shore Dr & Monroe St,7/19/2013 17:23,7/19/2013 17:45,41.9267559875,-87.6344287848,124,Cannon Dr & Fullerton Ave,79874,1356,Subscriber
461,,Damen Ave & Pierce Ave,41.9093960065,-87.6776919292,65,Damen Ave & Pierce Ave,,0,46.0,Damen Ave & Pierce Ave,7/20/2013 13:24,7/20/2013 17:14,41.9093960065,-87.6776919292,65,Damen Ave & Pierce Ave,82541,13769,Customer
461,,Sheffield Ave & Willow St,41.9093960065,-87.6776919292,65,Damen Ave & Pierce Ave,,3007,0,Damen Ave & Pierce Ave,7/20/2013 17:43,7/20/2013 18:07,41.913688,-87.652855,190,Sheffield Ave & Willow St,84496,1487,Customer
461,,Larrabee St & Menomonee St,41.913688,-87.652855,190,Sheffield Ave & Willow St,,873,0,Sheffield Ave & Willow St,7/20/2013 18:10,7/20/2013 18:32,41.91468,-87.64332,282,Larrabee St & Menomonee St,84633,1310,Customer
461,,Lincoln Ave & Armitage Ave,41.91468,-87.64332,282,Larrabee St & Menomonee St,,842,0,Larrabee St & Menomonee St,7/20/2013 18:34,7/20/2013 19:04,41.918273,-87.638116,146,Lincoln Ave & Armitage Ave,84757,1780,Customer
461,,Dayton St & North Ave,41.9093960065,-87.6776919292,65,Damen Ave & Pierce Ave,,3421,0,Damen Ave & Pierce Ave,7/21/2013 11:27,7/21/2013 11:47,41.9105780349,-87.6494219288,58,Dayton St & North Ave,86930,1233,Customer
461,1969,Larrabee St & Menomonee St,41.902924,-87.637715,172,Orleans St & Elm St,Male,1653,0,Orleans St & Elm St,7/21/2013 19:20,7/21/2013 19:29,41.91468,-87.64332,282,Larrabee St & Menomonee St,90106,575,Subscriber
461,,Michigan Ave & Oak St,41.91468,-87.64332,282,Larrabee St & Menomonee St,,2970,2.0,Larrabee St & Menomonee St,7/22/2013 14:04,7/22/2013 14:39,41.90096039,-87.62377664,42,Michigan Ave & Oak St,92560,2122,Customer
461,,Ashland Ave & Wellington Ave,41.90096039,-87.62377664,42,Michigan Ave & Oak St,,6626,2.0,Michigan Ave & Oak St,7/22/2013 14:42,7/22/2013 15:13,41.936083,-87.669807,269,Ashland Ave & Wellington Ave,92755,1873,Customer
461,,Cannon Dr & Fullerton Ave,41.936083,-87.669807,269,Ashland Ave & Wellington Ave,,3929,2.0,Ashland Ave & Wellington Ave,7/22/2013 16:27,7/22/2013 17:02,41.9267559875,-87.6344287848,124,Cannon Dr & Fullerton Ave,93308,2102,Customer
461,,Cannon Dr & Fullerton Ave,41.9267559875,-87.6344287848,124,Cannon Dr & Fullerton Ave,,0,0,Cannon Dr & Fullerton Ave,7/22/2013 17:19,7/22/2013 17:35,41.9267559875,-87.6344287848,124,Cannon Dr & Fullerton Ave,93615,973,Customer
461,,Michigan Ave & Oak St,41.9267559875,-87.6344287848,124,Cannon Dr & Fullerton Ave,,3423,2.0,Cannon Dr & Fullerton Ave,7/22/2013 17:44,7/22/2013 18:17,41.90096039,-87.62377664,42,Michigan Ave & Oak St,93789,1987,Customer
461,,Millennium Park,41.90096039,-87.62377664,42,Michigan Ave & Oak St,,4711,0,Michigan Ave & Oak St,7/22/2013 18:22,7/22/2013 18:42,41.8810317,-87.62408432,8,Millennium Park,94002,1181,Customer
461,,Wilton Ave & Diversey Pkwy,41.8810317,-87.62408432,8,Millennium Park,,7349,2.0,Millennium Park,7/22/2013 20:36,7/22/2013 21:21,41.93250008,-87.65268082,66,Wilton Ave & Diversey Pkwy,94588,2710,Customer
461,,McClurg Ct & Illinois St,41.89102,-87.6173,51,McClurg Ct & Illinois St,,0,0,McClurg Ct & Illinois St,7/23/2013 9:31,7/23/2013 9:40,41.89102,-87.6173,51,McClurg Ct & Illinois St,95915,541,Customer
461,,Millennium Park,41.89102,-87.6173,51,McClurg Ct & Illinois St,,2728,0,McClurg Ct & Illinois St,7/23/2013 13:48,7/23/2013 14:13,41.8810317,-87.62408432,8,Millennium Park,96962,1505,Customer
461,,Millennium Park,41.8810317,-87.62408432,8,Millennium Park,,0,46.0,Millennium Park,7/23/2013 14:22,7/23/2013 18:14,41.8810317,-87.62408432,8,Millennium Park,97106,13894,Customer
461,,Dearborn St & Adams St,41.8810317,-87.62408432,8,Millennium Park,,872,6.0,Millennium Park,7/23/2013 21:08,7/23/2013 22:30,41.8793563587,-87.6297910363,20,Dearborn St & Adams St,98935,4952,Customer
461,1976,Martin Luther King Dr & Oakwood Blvd,41.82256,-87.61615,420,Martin Luther King Dr & Oakwood Blvd,Female,0,0,Martin Luther King Dr & Oakwood Blvd,7/24/2013 8:36,7/24/2013 8:37,41.82256,-87.61615,420,Martin Luther King Dr & Oakwood Blvd,99868,66,Subscriber
461,1987,Michigan Ave & Washington St,41.82256,-87.61615,420,Martin Luther King Dr & Oakwood Blvd,Male,8327,0,Martin Luther King Dr & Oakwood Blvd,7/24/2013 8:41,7/24/2013 8:51,41.8838927658,-87.6246491409,1,Michigan Ave & Washington St,99896,604,Subscriber
461,,Michigan Ave & Congress Pkwy,41.8810317,-87.62408432,8,Millennium Park,,809,14.0,Millennium Park,7/24/2013 12:06,7/24/2013 13:56,41.876065599,-87.6244333636,40,Michigan Ave & Congress Pkwy,100675,6618,Customer
461,,Millennium Park,41.876065599,-87.6244333636,40,Michigan Ave & Congress Pkwy,,637,0,Michigan Ave & Congress Pkwy,7/24/2013 15:54,7/24/2013 16:17,41.8810317,-87.62408432,8,Millennium Park,101839,1367,Customer
461,,Ashland Ave & Wellington Ave,41.8810317,-87.62408432,8,Millennium Park,,8786,0,Millennium Park,7/24/2013 16:54,7/24/2013 17:16,41.936083,-87.669807,269,Ashland Ave & Wellington Ave,102173,1352,Customer
461,,Lincoln Ave & Armitage Ave,41.936083,-87.669807,269,Ashland Ave & Wellington Ave,,3418,0,Ashland Ave & Wellington Ave,7/24/2013 17:30,7/24/2013 17:54,41.918273,-87.638116,146,Lincoln Ave & Armitage Ave,102435,1438,Customer
461,1980,Fairbanks Ct & Grand Ave,41.87184,-87.64664,27,Halsted St & Polk St,Male,4625,0,Halsted St & Polk St,7/25/2013 7:25,7/25/2013 7:45,41.89186,-87.62062,262,Fairbanks Ct & Grand Ave,104136,1157,Subscriber
461,,Millennium Park,41.89186,-87.62062,262,Fairbanks Ct & Grand Ave,,1932,0,Fairbanks Ct & Grand Ave,7/25/2013 17:39,7/25/2013 17:47,41.8810317,-87.62408432,8,Millennium Park,107092,480,Customer
461,,Michigan Ave & Oak St,41.8810317,-87.62408432,8,Millennium Park,,4341,0,Millennium Park,7/25/2013 19:57,7/25/2013 20:17,41.90096039,-87.62377664,42,Michigan Ave & Oak St,107818,1169,Customer
461,,State St & Van Buren St,41.90096039,-87.62377664,42,Michigan Ave & Oak St,,5202,2.0,Michigan Ave & Oak St,7/25/2013 20:21,7/25/2013 20:52,41.877181,-87.627844,3,State St & Van Buren St,107953,1844,Customer
461,1962,State St & Randolph St,41.877181,-87.627844,3,State St & Van Buren St,Male,839,0,State St & Van Buren St,7/26/2013 13:36,7/26/2013 13:40,41.8847302006,-87.6277335692,2,State St & Randolph St,110089,240,Subscriber
461,,Michigan Ave & Lake St,41.8671729952,-87.6259550069,31,Wabash Ave & Roosevelt Rd,,2246,0,Wabash Ave & Roosevelt Rd,7/26/2013 18:15,7/26/2013 18:34,41.8860581151,-87.6242893413,43,Michigan Ave & Lake St,111353,1181,Customer
461,,Fairbanks Ct & Grand Ave,41.8860581151,-87.6242893413,43,Michigan Ave & Lake St,,1163,0,Michigan Ave & Lake St,7/26/2013 18:35,7/26/2013 18:47,41.89186,-87.62062,262,Fairbanks Ct & Grand Ave,111443,736,Customer
461,,Michigan Ave & Pearson St,41.89186,-87.62062,262,Fairbanks Ct & Grand Ave,,1253,0,Fairbanks Ct & Grand Ave,7/26/2013 20:33,7/26/2013 20:49,41.89766,-87.62351,34,Michigan Ave & Pearson St,111865,969,Customer
461,1989,Fairbanks Ct & Grand Ave,41.89766,-87.62351,34,Michigan Ave & Pearson St,Male,941,0,Michigan Ave & Pearson St,7/26/2013 21:11,7/26/2013 21:20,41.89186,-87.62062,262,Fairbanks Ct & Grand Ave,111968,559,Subscriber
461,,Franklin St & Jackson Blvd,41.89186,-87.62062,262,Fairbanks Ct & Grand Ave,,2955,2.0,Fairbanks Ct & Grand Ave,7/26/2013 21:27,7/26/2013 21:57,41.8777079559,-87.6353211408,19,Franklin St & Jackson Blvd,112021,1822,Customer
461,,Larrabee St & North Ave,41.8777079559,-87.6353211408,19,Franklin St & Jackson Blvd,,3981,0,Franklin St & Jackson Blvd,7/27/2013 11:50,7/27/2013 12:18,41.91021,-87.6435,174,Larrabee St & North Ave,113418,1691,Customer
461,,Wells St & Erie St,41.91021,-87.6435,174,Larrabee St & North Ave,,2383,2.0,Larrabee St & North Ave,7/27/2013 12:20,7/27/2013 13:16,41.893832,-87.634195,64,Wells St & Erie St,113649,3308,Customer
461,,Lincoln Ave & Armitage Ave,41.893832,-87.634195,64,Wells St & Erie St,,2920,0,Wells St & Erie St,7/27/2013 14:50,7/27/2013 15:10,41.918273,-87.638116,146,Lincoln Ave & Armitage Ave,114757,1210,Customer
461,,Wilton Ave & Diversey Pkwy,41.918273,-87.638116,146,Lincoln Ave & Armitage Ave,,2260,0,Lincoln Ave & Armitage Ave,7/27/2013 17:11,7/27/2013 17:28,41.93250008,-87.65268082,66,Wilton Ave & Diversey Pkwy,115657,1039,Customer
461,1959,Michigan Ave & Washington St,41.90959193,-87.65349723,154,Sheffield Ave & Kingsbury St,Female,5075,0,Sheffield Ave & Kingsbury St,7/29/2013 17:21,7/29/2013 17:45,41.8838927658,-87.6246491409,1,Michigan Ave & Washington St,125444,1455,Subscriber
461,1980,Ellis Ave & 58th St,41.8838927658,-87.6246491409,1,Michigan Ave & Washington St,Male,14526,0,Michigan Ave & Washington St,7/29/2013 19:10,7/29/2013 19:21,41.788746,-87.601334,365,Ellis Ave & 58th St,126254,638,Subscriber
461,,Millennium Park,41.788746,-87.601334,365,Ellis Ave & 58th St,,13740,14.0,Ellis Ave & 58th St,7/29/2013 19:23,7/29/2013 21:00,41.8810317,-87.62408432,8,Millennium Park,126335,5811,Customer
461,,Racine Ave & Congress Pkwy,41.8810317,-87.62408432,8,Millennium Park,,3621,2.0,Millennium Park,7/29/2013 21:02,7/29/2013 21:36,41.87464,-87.65703,76,Racine Ave & Congress Pkwy,126708,2017,Customer
461,1967,Halsted St & Wrightwood Ave,41.87464,-87.65703,76,Racine Ave & Congress Pkwy,Male,6970,0,Racine Ave & Congress Pkwy,7/30/2013 12:20,7/30/2013 12:24,41.929143,-87.649077,210,Halsted St & Wrightwood Ave,128499,240,Subscriber
461,,Loomis St & Taylor St,41.929143,-87.649077,210,Halsted St & Wrightwood Ave,,7675,2.0,Halsted St & Wrightwood Ave,7/30/2013 19:20,7/30/2013 19:51,41.869417,-87.660996,139,Loomis St & Taylor St,130259,1831,Customer
461,,Michigan Ave & Congress Pkwy,41.8694821,-87.6554864,160,May St & Taylor St,,3708,0,May St & Taylor St,7/30/2013 23:51,7/31/2013 0:07,41.876065599,-87.6244333636,40,Michigan Ave & Congress Pkwy,130851,918,Customer
461,,Sheffield Ave & Fullerton Ave,41.876065599,-87.6244333636,40,Michigan Ave & Congress Pkwy,,9345,14.0,Michigan Ave & Congress Pkwy,7/31/2013 12:56,7/31/2013 14:36,41.9256018819,-87.6537080423,60,Sheffield Ave & Fullerton Ave,132263,6020,Customer
461,,Greenview Ave & Fullerton Ave,41.9256018819,-87.6537080423,60,Sheffield Ave & Fullerton Ave,,1366,0,Sheffield Ave & Fullerton Ave,7/31/2013 15:31,7/31/2013 15:36,41.92533,-87.6658,295,Greenview Ave & Fullerton Ave,132780,276,Customer
461,,Clark St & North Ave,41.92533,-87.6658,295,Greenview Ave & Fullerton Ave,,4481,0,Greenview Ave & Fullerton Ave,7/31/2013 18:53,7/31/2013 19:15,41.911791,-87.631841,128,Clark St & North Ave,134001,1326,Customer
461,,Southport Ave & Belmont Ave,41.93584,-87.6637,228,Southport Ave & Wellington Ave,,406,2.0,Southport Ave & Wellington Ave,8/1/2013 14:46,8/1/2013 15:35,41.93949,-87.66378,229,Southport Ave & Belmont Ave,137169,2920,Customer
461,,Millennium Park,41.93949,-87.66378,229,Southport Ave & Belmont Ave,,10252,2.0,Southport Ave & Belmont Ave,8/2/2013 10:13,8/2/2013 11:10,41.8810317,-87.62408432,8,Millennium Park,141158,3432,Customer
461,,Michigan Ave & Lake St,41.8777079559,-87.6353211408,19,Franklin St & Jackson Blvd,,1822,0,Franklin St & Jackson Blvd,8/2/2013 12:34,8/2/2013 12:46,41.8860581151,-87.6242893413,43,Michigan Ave & Lake St,141719,739,Customer
461,1991,Larrabee St & North Ave,41.8860581151,-87.6242893413,43,Michigan Ave & Lake St,Male,4157,0,Michigan Ave & Lake St,8/2/2013 13:33,8/2/2013 13:51,41.91021,-87.6435,174,Larrabee St & North Ave,142112,1114,Subscriber
461,1990,Ashland Ave & Armitage Ave,41.91021,-87.6435,174,Larrabee St & North Ave,Male,2822,0,Larrabee St & North Ave,8/2/2013 14:03,8/2/2013 14:16,41.9178588677,-87.668919,25,Ashland Ave & Armitage Ave,142289,792,Subscriber
461,,Greenview Ave & Fullerton Ave,41.9178588677,-87.668919,25,Ashland Ave & Armitage Ave,,1626,0,Ashland Ave & Armitage Ave,8/2/2013 15:30,8/2/2013 15:37,41.92533,-87.6658,295,Greenview Ave & Fullerton Ave,142730,372,Customer
461,,Millennium Park,41.92533,-87.6658,295,Greenview Ave & Fullerton Ave,,7317,2.0,Greenview Ave & Fullerton Ave,8/3/2013 9:58,8/3/2013 10:34,41.8810317,-87.62408432,8,Millennium Park,146173,2174,Customer
461,,Museum Campus,41.8810317,-87.62408432,8,Millennium Park,,2745,0,Millennium Park,8/3/2013 10:52,8/3/2013 11:08,41.865212,-87.617759,29,Museum Campus,146541,971,Customer
461,,Lake Shore Dr & Ohio St,41.865212,-87.617759,29,Museum Campus,,9679,2.0,Museum Campus,8/3/2013 11:26,8/3/2013 12:14,41.89257,-87.614492,337,Lake Shore Dr & Ohio St,146765,2845,Customer
461,,Fairbanks Ct & Grand Ave,41.89257,-87.614492,337,Lake Shore Dr & Ohio St,,577,2.0,Lake Shore Dr & Ohio St,8/3/2013 13:18,8/3/2013 13:54,41.89186,-87.62062,262,Fairbanks Ct & Grand Ave,147841,2160,Customer
461,,Wells St & Erie St,41.89186,-87.62062,262,Fairbanks Ct & Grand Ave,,1575,0,Fairbanks Ct & Grand Ave,8/3/2013 13:55,8/3/2013 14:11,41.893832,-87.634195,64,Wells St & Erie St,148293,928,Customer
461,,Michigan Ave & Washington St,41.893832,-87.634195,64,Wells St & Erie St,,1899,0,Wells St & Erie St,8/3/2013 14:12,8/3/2013 14:40,41.8838927658,-87.6246491409,1,Michigan Ave & Washington St,148489,1656,Customer
461,,State St & Randolph St,41.8838927658,-87.6246491409,1,Michigan Ave & Washington St,,371,0,Michigan Ave & Washington St,8/3/2013 14:41,8/3/2013 14:48,41.8847302006,-87.6277335692,2,State St & Randolph St,148832,437,Customer
461,,Wells St & Erie St,41.8847302006,-87.6277335692,2,State St & Randolph St,,1799,0,State St & Randolph St,8/3/2013 16:43,8/3/2013 16:58,41.893832,-87.634195,64,Wells St & Erie St,150179,943,Customer
461,,Michigan Ave & Oak St,41.893832,-87.634195,64,Wells St & Erie St,,1644,0,Wells St & Erie St,8/3/2013 17:58,8/3/2013 18:18,41.90096039,-87.62377664,42,Michigan Ave & Oak St,150972,1202,Customer
461,,Cannon Dr & Fullerton Ave,41.90096039,-87.62377664,42,Michigan Ave & Oak St,,3392,0,Michigan Ave & Oak St,8/3/2013 18:51,8/3/2013 19:19,41.9267559875,-87.6344287848,124,Cannon Dr & Fullerton Ave,151537,1689,Customer
461,,Lake Shore Dr & Monroe St,41.9267559875,-87.6344287848,124,Cannon Dr & Fullerton Ave,,6552,2.0,Cannon Dr & Fullerton Ave,8/4/2013 9:06,8/4/2013 9:51,41.88105,-87.61697,300,Lake Shore Dr & Monroe St,154156,2657,Customer
461,,McClurg Ct & Illinois St,41.88105,-87.61697,300,Lake Shore Dr & Monroe St,,1857,6.0,Lake Shore Dr & Monroe St,8/4/2013 10:54,8/4/2013 12:00,41.89102,-87.6173,51,McClurg Ct & Illinois St,154756,3914,Customer
461,,State St & Kinzie St,41.89102,-87.6173,51,McClurg Ct & Illinois St,,1201,2.0,McClurg Ct & Illinois St,8/4/2013 13:20,8/4/2013 14:08,41.88918,-87.6277,50,State St & Kinzie St,155966,2850,Customer
461,,Greenwood Ave & 47th St,41.88918,-87.6277,50,State St & Kinzie St,,12378,0,State St & Kinzie St,8/4/2013 14:23,8/4/2013 14:49,41.809835,-87.599383,396,Greenwood Ave & 47th St,156753,1614,Customer
461,1983,Halsted St & James M Rochford St,41.809835,-87.599383,396,Greenwood Ave & 47th St,Male,11376,0,Greenwood Ave & 47th St,8/4/2013 14:52,8/4/2013 15:14,41.865861,-87.646611,166,Halsted St & James M Rochford St,157105,1334,Subscriber
461,,Clinton St & Madison St,41.865861,-87.646611,166,Halsted St & James M Rochford St,,2273,0,Halsted St & James M Rochford St,8/4/2013 16:00,8/4/2013 16:11,41.8815824,-87.64127743,301,Clinton St & Madison St,157973,637,Customer
461,,Halsted St & Polk St,41.862378,-87.651062,169,Morgan Ave & 14th Pl,,1447,0,Morgan Ave & 14th Pl,8/4/2013 19:22,8/4/2013 19:51,41.87184,-87.64664,27,Halsted St & Polk St,159838,1761,Customer
461,,Lake Shore Dr & Monroe St,41.87184,-87.64664,27,Halsted St & Polk St,,4884,0,Halsted St & Polk St,8/4/2013 19:54,8/4/2013 20:16,41.88105,-87.61697,300,Lake Shore Dr & Monroe St,160061,1344,Customer
461,,Ogden Ave & Chicago Ave,41.88105,-87.61697,300,Lake Shore Dr & Monroe St,,5026,0,Lake Shore Dr & Monroe St,8/4/2013 20:54,8/4/2013 21:16,41.896362458,-87.6540612729,44,Ogden Ave & Chicago Ave,160366,1314,Customer
461,1982,Clark St & Randolph St,41.896362458,-87.6540612729,44,Ogden Ave & Chicago Ave,Male,3149,0,Ogden Ave & Chicago Ave,8/5/2013 7:42,8/5/2013 7:54,41.884576228,-87.63188991,5,Clark St & Randolph St,161439,731,Subscriber
461,,Fairbanks Ct & Grand Ave,41.884576228,-87.63188991,5,Clark St & Randolph St,,1896,0,Clark St & Randolph St,8/5/2013 10:10,8/5/2013 10:20,41.89186,-87.62062,262,Fairbanks Ct & Grand Ave,162205,594,Customer
461,,Clark St & Randolph St,41.89186,-87.62062,262,Fairbanks Ct & Grand Ave,,1727,0,Fairbanks Ct & Grand Ave,8/5/2013 11:15,8/5/2013 11:24,41.884576228,-87.63188991,5,Clark St & Randolph St,162456,552,Customer
461,1963,Clinton St & Washington Blvd,41.884576228,-87.63188991,5,Clark St & Randolph St,Male,892,0,Clark St & Randolph St,8/5/2013 17:03,8/5/2013 17:07,41.88338,-87.64117,10,Clinton St & Washington Blvd,164492,225,Subscriber
461,1982,State St & 19th St,41.8793563587,-87.6297910363,20,Dearborn St & Adams St,Male,3210,0,Dearborn St & Adams St,8/5/2013 17:53,8/5/2013 18:06,41.856594,-87.627542,408,State St & 19th St,164804,775,Subscriber
461,1958,Wabash Ave & Roosevelt Rd,41.856594,-87.627542,408,State St & 19th St,Male,1668,0,State St & 19th St,8/8/2013 7:59,8/8/2013 8:05,41.8671729952,-87.6259550069,31,Wabash Ave & Roosevelt Rd,178213,380,Subscriber
461,1979,Clinton St & Tilden St,41.8671729952,-87.6259550069,31,Wabash Ave & Roosevelt Rd,Male,2411,0,Wabash Ave & Roosevelt Rd,8/8/2013 8:13,8/8/2013 8:24,41.875885,-87.640795,37,Clinton St & Tilden St,178301,652,Subscriber
461,1962,Michigan Ave & Lake St,41.875885,-87.640795,37,Clinton St & Tilden St,Male,2772,0,Clinton St & Tilden St,8/8/2013 12:31,8/8/2013 12:46,41.8860581151,-87.6242893413,43,Michigan Ave & Lake St,179655,896,Subscriber
461,1974,Canal St & Jackson Blvd,41.89186,-87.62062,262,Fairbanks Ct & Grand Ave,Male,3295,0,Fairbanks Ct & Grand Ave,8/8/2013 17:00,8/8/2013 17:12,41.87811421,-87.63997112,138,Canal St & Jackson Blvd,181599,726,Subscriber
461,,Fairbanks Ct & Grand Ave,41.87811421,-87.63997112,138,Canal St & Jackson Blvd,,3206,0,Canal St & Jackson Blvd,8/8/2013 18:10,8/8/2013 18:30,41.89186,-87.62062,262,Fairbanks Ct & Grand Ave,182420,1194,Customer
461,1985,Lake Shore Dr & Ohio St,41.89186,-87.62062,262,Fairbanks Ct & Grand Ave,Male,5199,0,Fairbanks Ct & Grand Ave,8/8/2013 23:32,8/8/2013 23:35,41.89257,-87.614492,337,Lake Shore Dr & Ohio St,184063,191,Subscriber
461,,Lake Shore Dr & Ohio St,41.89257,-87.614492,337,Lake Shore Dr & Ohio St,,0,0,Lake Shore Dr & Ohio St,8/9/2013 12:29,8/9/2013 12:52,41.89257,-87.614492,337,Lake Shore Dr & Ohio St,186371,1334,Customer
461,,Clark St & Wellington Ave,41.89257,-87.614492,337,Lake Shore Dr & Ohio St,,6914,2.0,Lake Shore Dr & Ohio St,8/9/2013 13:10,8/9/2013 13:53,41.9364968219,-87.6475386582,232,Clark St & Wellington Ave,186782,2587,Customer
461,,Sheffield Ave & Wellington Ave,41.9256018819,-87.6537080423,60,Sheffield Ave & Fullerton Ave,,1221,0,Sheffield Ave & Fullerton Ave,8/10/2013 8:42,8/10/2013 8:51,41.936253,-87.653566,67,Sheffield Ave & Wellington Ave,191985,558,Customer
461,1964,Lake Shore Dr & Monroe St,41.936253,-87.653566,67,Sheffield Ave & Wellington Ave,Female,9318,1.5,Sheffield Ave & Wellington Ave,8/10/2013 10:08,8/10/2013 10:38,41.88105,-87.61697,300,Lake Shore Dr & Monroe St,192429,1812,Subscriber
461,,Damen Ave & Pierce Ave,41.8793563587,-87.6297910363,20,Dearborn St & Adams St,,6252,2.0,Dearborn St & Adams St,8/10/2013 11:57,8/10/2013 12:56,41.9093960065,-87.6776919292,65,Damen Ave & Pierce Ave,193510,3539,Customer
461,,Clark St & North Ave,41.9093960065,-87.6776919292,65,Damen Ave & Pierce Ave,,5072,0,Damen Ave & Pierce Ave,8/10/2013 13:03,8/10/2013 13:33,41.911791,-87.631841,128,Clark St & North Ave,194289,1785,Customer
461,,Streeter Dr & Illinois St,41.911791,-87.631841,128,Clark St & North Ave,,3953,2.0,Clark St & North Ave,8/10/2013 14:58,8/10/2013 15:33,41.891071,-87.6122,22,Streeter Dr & Illinois St,195958,2084,Customer
461,,Damen Ave & Wellington Ave,41.891071,-87.6122,22,Streeter Dr & Illinois St,,9149,2.0,Streeter Dr & Illinois St,8/10/2013 16:06,8/10/2013 16:59,41.93588,-87.67842,268,Damen Ave & Wellington Ave,196863,3139,Customer
461,1987,Stave St & Armitage Ave,41.93588,-87.67842,268,Damen Ave & Wellington Ave,Female,3190,0,Damen Ave & Wellington Ave,8/10/2013 17:23,8/10/2013 17:36,41.917741,-87.691392,266,Stave St & Armitage Ave,197923,754,Subscriber
461,,Stave St & Armitage Ave,41.917741,-87.691392,266,Stave St & Armitage Ave,,0,0,Stave St & Armitage Ave,8/10/2013 21:27,8/10/2013 21:32,41.917741,-87.691392,266,Stave St & Armitage Ave,200153,346,Customer
461,,Clark St & North Ave,41.917741,-87.691392,266,Stave St & Armitage Ave,,5725,0,Stave St & Armitage Ave,8/11/2013 11:47,8/11/2013 12:17,41.911791,-87.631841,128,Clark St & North Ave,202921,1760,Customer
461,1988,McClurg Ct & Illinois St,41.911791,-87.631841,128,Clark St & North Ave,Female,3800,0,Clark St & North Ave,8/11/2013 12:25,8/11/2013 12:42,41.89102,-87.6173,51,McClurg Ct & Illinois St,203321,1009,Subscriber
461,,Lake Shore Dr & Wellington Ave,41.89102,-87.6173,51,McClurg Ct & Illinois St,,6989,2.0,McClurg Ct & Illinois St,8/11/2013 13:20,8/11/2013 13:58,41.936669,-87.636794,234,Lake Shore Dr & Wellington Ave,203971,2289,Customer
461,,McClurg Ct & Illinois St,41.936669,-87.636794,234,Lake Shore Dr & Wellington Ave,,6602,2.0,Lake Shore Dr & Wellington Ave,8/11/2013 14:02,8/11/2013 14:56,41.89102,-87.6173,51,McClurg Ct & Illinois St,204530,3254,Customer
461,,Cityfront Plaza & N Water St,41.89102,-87.6173,51,McClurg Ct & Illinois St,,737,0,McClurg Ct & Illinois St,8/11/2013 15:14,8/11/2013 15:19,41.889875,-87.621994,427,Cityfront Plaza & N Water St,205399,346,Customer
461,1963,Michigan Ave & Pearson St,41.889875,-87.621994,427,Cityfront Plaza & N Water St,Female,1235,0,Cityfront Plaza & N Water St,8/11/2013 17:26,8/11/2013 17:39,41.89766,-87.62351,34,Michigan Ave & Pearson St,206948,746,Subscriber
461,1981,State St & Van Buren St,41.89993001,-87.63443007,46,Wells St & Walton St,Male,3041,0,Wells St & Walton St,8/12/2013 19:18,8/12/2013 19:30,41.877181,-87.627844,3,State St & Van Buren St,213501,687,Subscriber
461,1981,Clinton St & Madison St,41.877181,-87.627844,3,State St & Van Buren St,Male,1748,0,State St & Van Buren St,8/12/2013 19:46,8/12/2013 19:57,41.8815824,-87.64127743,301,Clinton St & Madison St,213648,692,Subscriber
461,,State St & Harrison St,41.8815824,-87.64127743,301,Clinton St & Madison St,,1994,0,Clinton St & Madison St,8/13/2013 1:25,8/13/2013 1:38,41.8739580629,-87.6277394859,30,State St & Harrison St,214534,772,Customer
461,1984,Canal St & Jackson Blvd,41.8739580629,-87.6277394859,30,State St & Harrison St,Male,2280,0,State St & Harrison St,8/13/2013 6:36,8/13/2013 6:42,41.87811421,-87.63997112,138,Canal St & Jackson Blvd,214666,379,Subscriber
461,1985,Kingsbury St & Erie St,41.87811421,-87.63997112,138,Canal St & Jackson Blvd,Male,2312,0,Canal St & Jackson Blvd,8/13/2013 8:04,8/13/2013 8:20,41.89384315,-87.64185116,265,Kingsbury St & Erie St,215151,914,Subscriber
461,1986,Morgan St & Lake St,41.862378,-87.651062,169,Morgan Ave & 14th Pl,Male,3357,0,Morgan Ave & 14th Pl,8/14/2013 7:32,8/14/2013 7:44,41.8854833079,-87.6523048564,72,Morgan St & Lake St,221939,700,Subscriber
461,,Franklin St & Jackson Blvd,41.891795,-87.658751,194,Ogden Ave & Race Ave,,3941,0,Ogden Ave & Race Ave,8/15/2013 7:17,8/15/2013 7:29,41.8777079559,-87.6353211408,19,Franklin St & Jackson Blvd,228629,737,Customer
461,,Canal St & Jackson Blvd,41.799568,-87.594747,397,Kimbark Ave & 53rd St,,13703,2.0,Kimbark Ave & 53rd St,8/15/2013 10:16,8/15/2013 11:01,41.87811421,-87.63997112,138,Canal St & Jackson Blvd,229691,2720,Customer
461,1983,Clinton St & Tilden St,41.87811421,-87.63997112,138,Canal St & Jackson Blvd,Female,360,0,Canal St & Jackson Blvd,8/15/2013 16:14,8/15/2013 16:16,41.875885,-87.640795,37,Clinton St & Tilden St,231972,177,Subscriber
461,,Clinton St & Roosevelt Rd,41.875885,-87.640795,37,Clinton St & Tilden St,,1011,0,Clinton St & Tilden St,8/15/2013 16:19,8/15/2013 16:23,41.8671177825,-87.6410879593,327,Clinton St & Roosevelt Rd,232024,257,Customer
461,,Halsted St & 21st St,41.8671177825,-87.6410879593,327,Clinton St & Roosevelt Rd,,2043,0,Clinton St & Roosevelt Rd,8/15/2013 19:48,8/15/2013 20:01,41.85378,-87.64665,162,Halsted St & 21st St,233917,732,Customer
461,,Ogden Ave & Chicago Ave,41.85378,-87.64665,162,Halsted St & 21st St,,5185,0,Halsted St & 21st St,8/16/2013 17:30,8/16/2013 17:58,41.896362458,-87.6540612729,44,Ogden Ave & Chicago Ave,240694,1709,Customer
461,1978,Larrabee St & North Ave,41.896362458,-87.6540612729,44,Ogden Ave & Chicago Ave,Male,2446,0,Ogden Ave & Chicago Ave,8/17/2013 17:19,8/17/2013 17:30,41.91021,-87.6435,174,Larrabee St & North Ave,250691,663,Subscriber
461,1979,Orleans St & Elm St,41.91021,-87.6435,174,Larrabee St & North Ave,Male,1044,0,Larrabee St & North Ave,8/18/2013 16:56,8/18/2013 17:01,41.902924,-87.637715,172,Orleans St & Elm St,261185,355,Subscriber
461,,Lake Shore Dr & Monroe St,41.89102,-87.6173,51,McClurg Ct & Illinois St,,1620,0,McClurg Ct & Illinois St,8/19/2013 15:33,8/19/2013 15:43,41.88105,-87.61697,300,Lake Shore Dr & Monroe St,268173,624,Customer
461,,Larrabee St & Menomonee St,41.88105,-87.61697,300,Lake Shore Dr & Monroe St,,6413,2.0,Lake Shore Dr & Monroe St,8/19/2013 15:56,8/19/2013 16:46,41.91468,-87.64332,282,Larrabee St & Menomonee St,268405,2978,Customer
461,1980,Sheffield Ave & Willow St,41.91468,-87.64332,282,Larrabee St & Menomonee St,Male,873,0,Larrabee St & Menomonee St,8/20/2013 7:12,8/20/2013 7:16,41.913688,-87.652855,190,Sheffield Ave & Willow St,272669,233,Subscriber
461,1989,Sheffield Ave & Fullerton Ave,41.913688,-87.652855,190,Sheffield Ave & Willow St,Male,1352,124.5,Sheffield Ave & Willow St,8/20/2013 7:21,8/20/2013 18:26,41.9256018819,-87.6537080423,60,Sheffield Ave & Fullerton Ave,272720,39897,Subscriber
461,,Damen Ave & Pierce Ave,41.9256018819,-87.6537080423,60,Sheffield Ave & Fullerton Ave,,3708,2.0,Sheffield Ave & Fullerton Ave,8/20/2013 18:47,8/20/2013 19:20,41.9093960065,-87.6776919292,65,Damen Ave & Pierce Ave,278356,2001,Customer
461,1987,California Ave & Milwaukee Ave,41.9093960065,-87.6776919292,65,Damen Ave & Pierce Ave,Female,2266,0,Damen Ave & Pierce Ave,8/20/2013 19:21,8/20/2013 19:31,41.922695,-87.697153,84,California Ave & Milwaukee Ave,278725,566,Subscriber
461,,Shore Drive & 55th St,41.795212,-87.580715,361,Shore Drive & 55th St,,0,0,Shore Drive & 55th St,8/23/2013 16:58,8/23/2013 17:18,41.795212,-87.580715,361,Shore Drive & 55th St,300128,1179,Customer
461,,Shore Drive & 55th St,41.795212,-87.580715,361,Shore Drive & 55th St,,0,0,Shore Drive & 55th St,8/23/2013 17:23,8/23/2013 17:50,41.795212,-87.580715,361,Shore Drive & 55th St,300598,1607,Customer
461,,Shore Drive & 55th St,41.795212,-87.580715,361,Shore Drive & 55th St,,0,0,Shore Drive & 55th St,8/23/2013 17:54,8/23/2013 18:15,41.795212,-87.580715,361,Shore Drive & 55th St,300999,1259,Customer
461,,Michigan Ave & Congress Pkwy,41.795212,-87.580715,361,Shore Drive & 55th St,,11047,6.0,Shore Drive & 55th St,8/23/2013 18:20,8/23/2013 19:37,41.876065599,-87.6244333636,40,Michigan Ave & Congress Pkwy,301276,4620,Customer
461,,Indiana Ave & 26th St,41.876065599,-87.6244333636,40,Michigan Ave & Congress Pkwy,,3761,0,Michigan Ave & Congress Pkwy,8/23/2013 19:55,8/23/2013 20:15,41.8457,-87.62248,212,Indiana Ave & 26th St,302217,1190,Customer
461,1981,Fort Dearborn Dr & 31st St,41.8457,-87.62248,212,Indiana Ave & 26th St,Male,1977,0,Indiana Ave & 26th St,8/24/2013 8:39,8/24/2013 8:52,41.838556,-87.608218,220,Fort Dearborn Dr & 31st St,304270,772,Subscriber
461,,Michigan Ave & Oak St,41.911791,-87.631841,128,Clark St & North Ave,,2008,0,Clark St & North Ave,8/24/2013 10:44,8/24/2013 11:05,41.90096039,-87.62377664,42,Michigan Ave & Oak St,305218,1235,Customer
461,,Morgan St & Lake St,41.90096039,-87.62377664,42,Michigan Ave & Oak St,,4058,0,Michigan Ave & Oak St,8/24/2013 11:39,8/24/2013 12:06,41.8854833079,-87.6523048564,72,Morgan St & Lake St,305927,1609,Customer
461,,Franklin St & Chicago Ave,41.8854833079,-87.6523048564,72,Morgan St & Lake St,,2624,0,Morgan St & Lake St,8/24/2013 12:14,8/24/2013 12:33,41.89680204,-87.63563839,17,Franklin St & Chicago Ave,306439,1096,Customer
461,,Halsted St & Madison St,41.89680204,-87.63563839,17,Franklin St & Chicago Ave,,2693,0,Franklin St & Chicago Ave,8/24/2013 13:17,8/24/2013 13:33,41.88175,-87.6478,159,Halsted St & Madison St,307451,947,Customer
461,,Halsted St & Madison St,41.88175,-87.6478,159,Halsted St & Madison St,,0,6.0,Halsted St & Madison St,8/24/2013 14:42,8/24/2013 15:46,41.88175,-87.6478,159,Halsted St & Madison St,309000,3876,Customer
461,,Halsted St & Madison St,41.88175,-87.6478,159,Halsted St & Madison St,,0,0,Halsted St & Madison St,8/24/2013 15:51,8/24/2013 16:03,41.88175,-87.6478,159,Halsted St & Madison St,310291,687,Customer
461,1984,Green St & Milwaukee Ave,41.88175,-87.6478,159,Halsted St & Madison St,Male,1167,0,Halsted St & Madison St,8/24/2013 16:12,8/24/2013 16:21,41.891733,-87.648727,33,Green St & Milwaukee Ave,310641,537,Subscriber
461,,May St & Randolph St,41.891733,-87.648727,33,Green St & Milwaukee Ave,,1431,0,Green St & Milwaukee Ave,8/25/2013 13:48,8/25/2013 14:02,41.88397,-87.655688,155,May St & Randolph St,320171,835,Customer
461,,May St & Randolph St,41.88397,-87.655688,155,May St & Randolph St,,0,2.0,May St & Randolph St,8/25/2013 16:28,8/25/2013 17:09,41.88397,-87.655688,155,May St & Randolph St,322559,2451,Customer
461,1979,Michigan Ave & Oak St,41.88397,-87.655688,155,May St & Randolph St,Male,4722,0,May St & Randolph St,8/26/2013 7:11,8/26/2013 7:25,41.90096039,-87.62377664,42,Michigan Ave & Oak St,326639,843,Subscriber
461,,Michigan Ave & Oak St,41.90096039,-87.62377664,42,Michigan Ave & Oak St,,0,0,Michigan Ave & Oak St,8/26/2013 9:42,8/26/2013 10:07,41.90096039,-87.62377664,42,Michigan Ave & Oak St,327768,1490,Customer
461,,Streeter Dr & Illinois St,41.90096039,-87.62377664,42,Michigan Ave & Oak St,,2418,0,Michigan Ave & Oak St,8/26/2013 10:07,8/26/2013 10:22,41.891071,-87.6122,22,Streeter Dr & Illinois St,327903,910,Customer
461,,Mies van der Rohe Way & Chicago Ave,41.891071,-87.6122,22,Streeter Dr & Illinois St,,1552,0,Streeter Dr & Illinois St,8/26/2013 13:57,8/26/2013 14:08,41.89691,-87.621743,338,Mies van der Rohe Way & Chicago Ave,329530,665,Customer
461,,Clark St & Lincoln Ave,41.89691,-87.621743,338,Mies van der Rohe Way & Chicago Ave,,3316,0,Mies van der Rohe Way & Chicago Ave,8/26/2013 14:45,8/26/2013 15:07,41.915689,-87.6346,179,Clark St & Lincoln Ave,329899,1291,Customer
461,1953,Museum Campus,41.915689,-87.6346,179,Clark St & Lincoln Ave,Male,7718,0,Clark St & Lincoln Ave,8/27/2013 8:10,8/27/2013 8:17,41.865212,-87.617759,29,Museum Campus,334982,439,Subscriber
461,1988,Mies van der Rohe Way & Chicago Ave,41.865212,-87.617759,29,Museum Campus,Male,4870,0,Museum Campus,8/27/2013 8:25,8/27/2013 8:31,41.89691,-87.621743,338,Mies van der Rohe Way & Chicago Ave,335114,402,Subscriber
461,,Clark St & Congress Pkwy,41.89691,-87.621743,338,Mies van der Rohe Way & Chicago Ave,,3049,0,Mies van der Rohe Way & Chicago Ave,8/27/2013 12:54,8/27/2013 13:08,41.8759326655,-87.6305845355,9,Clark St & Congress Pkwy,336759,824,Customer
461,,Sedgwick St & North Ave,41.8759326655,-87.6305845355,9,Clark St & Congress Pkwy,,4995,0,Clark St & Congress Pkwy,8/27/2013 15:31,8/27/2013 15:59,41.910579,-87.638618,70,Sedgwick St & North Ave,337818,1698,Customer
461,,Clifton Ave & Armitage Ave,41.910579,-87.638618,70,Sedgwick St & North Ave,,2384,6.0,Sedgwick St & North Ave,8/27/2013 16:15,8/27/2013 17:40,41.918216,-87.656936,185,Clifton Ave & Armitage Ave,338149,5082,Customer
461,1983,Damen Ave & Pierce Ave,41.918216,-87.656936,185,Clifton Ave & Armitage Ave,Female,2590,0,Clifton Ave & Armitage Ave,8/27/2013 19:14,8/27/2013 19:25,41.9093960065,-87.6776919292,65,Damen Ave & Pierce Ave,339955,632,Subscriber
461,,Damen Ave & Division St,41.9093960065,-87.6776919292,65,Damen Ave & Pierce Ave,,737,0,Damen Ave & Pierce Ave,8/27/2013 19:26,8/27/2013 19:30,41.90331,-87.67695,136,Damen Ave & Division St,340057,219,Customer
461,1986,Sheffield Ave & Kingsbury St,41.90331,-87.67695,136,Damen Ave & Division St,Female,3082,0,Damen Ave & Division St,8/27/2013 19:40,8/27/2013 19:52,41.90959193,-87.65349723,154,Sheffield Ave & Kingsbury St,340154,743,Subscriber
461,1965,Eckhart Park,41.90959193,-87.65349723,154,Sheffield Ave & Kingsbury St,Female,3027,0,Sheffield Ave & Kingsbury St,8/28/2013 12:44,8/28/2013 12:55,41.89637337,-87.66098386,289,Eckhart Park,343837,639,Subscriber
461,,May St & Taylor St,41.8745,-87.6498,28,900 W Harrison,,1064,0,900 W Harrison,8/29/2013 16:05,8/29/2013 16:11,41.8694821,-87.6554864,160,May St & Taylor St,352944,404,Customer
461,,Clinton St & Roosevelt Rd,41.8694821,-87.6554864,160,May St & Taylor St,,1454,0,May St & Taylor St,8/29/2013 22:45,8/29/2013 22:59,41.8671177825,-87.6410879593,327,Clinton St & Roosevelt Rd,356563,834,Customer
461,,Michigan Ave & Congress Pkwy,41.8671177825,-87.6410879593,327,Clinton St & Roosevelt Rd,,2393,0,Clinton St & Roosevelt Rd,8/29/2013 23:00,8/29/2013 23:20,41.876065599,-87.6244333636,40,Michigan Ave & Congress Pkwy,356603,1226,Customer
461,,Lake Shore Dr & Monroe St,41.876065599,-87.6244333636,40,Michigan Ave & Congress Pkwy,,1733,0,Michigan Ave & Congress Pkwy,8/29/2013 23:21,8/29/2013 23:33,41.88105,-87.61697,300,Lake Shore Dr & Monroe St,356658,716,Customer
461,,Fairbanks Ct & Grand Ave,41.88105,-87.61697,300,Lake Shore Dr & Monroe St,,1982,0,Lake Shore Dr & Monroe St,8/29/2013 23:35,8/29/2013 23:55,41.89186,-87.62062,262,Fairbanks Ct & Grand Ave,356712,1208,Customer
461,,Clinton St & Roosevelt Rd,41.897448,-87.628722,14,State St & Pearson St,,4540,2.0,State St & Pearson St,8/30/2013 0:19,8/30/2013 0:49,41.8671177825,-87.6410879593,327,Clinton St & Roosevelt Rd,356806,1801,Customer
461,,Loomis St & Taylor St,41.8671177825,-87.6410879593,327,Clinton St & Roosevelt Rd,,1997,0,Clinton St & Roosevelt Rd,8/30/2013 0:51,8/30/2013 1:01,41.869417,-87.660996,139,Loomis St & Taylor St,356860,659,Customer
461,1986,Racine Ave & Congress Pkwy,41.869417,-87.660996,139,Loomis St & Taylor St,Female,944,0,Loomis St & Taylor St,8/30/2013 8:10,8/30/2013 8:16,41.87464,-87.65703,76,Racine Ave & Congress Pkwy,357680,353,Subscriber
461,,State St & Van Buren St,41.87464,-87.65703,76,Racine Ave & Congress Pkwy,,3320,0,Racine Ave & Congress Pkwy,8/30/2013 8:27,8/30/2013 8:46,41.877181,-87.627844,3,State St & Van Buren St,357824,1122,Customer
461,1938,Paulina St & 18th St,41.877181,-87.627844,3,State St & Van Buren St,Male,5660,0,State St & Van Buren St,8/30/2013 14:00,8/30/2013 14:22,41.857901,-87.668745,88,Paulina St & 18th St,360337,1274,Subscriber
461,,Racine Ave & 18th St,41.857901,-87.668745,88,Paulina St & 18th St,,1055,0,Paulina St & 18th St,8/30/2013 18:13,8/30/2013 18:17,41.8581806068,-87.6564866473,164,Racine Ave & 18th St,362873,245,Customer
461,,Damen Ave & Grand Ave,41.8581806068,-87.6564866473,164,Racine Ave & 18th St,,5403,0,Racine Ave & 18th St,8/31/2013 9:08,8/31/2013 9:25,41.89122,-87.67686,141,Damen Ave & Grand Ave,364580,973,Customer
461,,California Ave & Milwaukee Ave,41.89122,-87.67686,141,Damen Ave & Grand Ave,,4261,0,Damen Ave & Grand Ave,8/31/2013 9:25,8/31/2013 9:40,41.922695,-87.697153,84,California Ave & Milwaukee Ave,364675,885,Customer
461,1976,Milwaukee Ave & Wabansia Ave,41.922695,-87.697153,84,California Ave & Milwaukee Ave,Male,1769,0,California Ave & Milwaukee Ave,8/31/2013 13:14,8/31/2013 13:21,41.912616,-87.681391,243,Milwaukee Ave & Wabansia Ave,365651,433,Subscriber
461,,Ashland Ave & Lake St,41.912616,-87.681391,243,Milwaukee Ave & Wabansia Ave,,4017,0,Milwaukee Ave & Wabansia Ave,8/31/2013 16:41,8/31/2013 17:09,41.88541,-87.66732,73,Ashland Ave & Lake St,367809,1713,Customer
461,1985,Damen Ave & Chicago Ave,41.88541,-87.66732,73,Ashland Ave & Lake St,Male,1962,0,Ashland Ave & Lake St,8/31/2013 21:23,8/31/2013 21:30,41.895769,-87.67722,132,Damen Ave & Chicago Ave,370357,444,Subscriber
461,1986,Damen Ave & Grand Ave,41.895769,-87.67722,132,Damen Ave & Chicago Ave,Male,506,0,Damen Ave & Chicago Ave,9/1/2013 5:02,9/1/2013 5:27,41.89122,-87.67686,141,Damen Ave & Grand Ave,371496,1513,Subscriber
461,1986,Damen Ave & Chicago Ave,41.89122,-87.67686,141,Damen Ave & Grand Ave,Male,506,0,Damen Ave & Grand Ave,9/1/2013 5:28,9/1/2013 5:30,41.895769,-87.67722,132,Damen Ave & Chicago Ave,371505,146,Subscriber
461,,Hampden Ct & Diversey Pkwy,41.895769,-87.67722,132,Damen Ave & Chicago Ave,,6946,2.0,Damen Ave & Chicago Ave,9/1/2013 9:50,9/1/2013 10:32,41.93262,-87.642385,123,Hampden Ct & Diversey Pkwy,372291,2497,Customer
461,,Damen Ave & Melrose Ave,41.910329,-87.672516,223,Wood St & North Ave,,3780,0,Wood St & North Ave,9/1/2013 22:36,9/1/2013 22:50,41.9406,-87.6785,143,Damen Ave & Melrose Ave,383453,851,Customer
461,,Sheffield Ave & Addison St,41.93584,-87.6637,228,Southport Ave & Wellington Ave,,2087,0,Southport Ave & Wellington Ave,9/2/2013 12:57,9/2/2013 13:10,41.94688,-87.65445,62,Sheffield Ave & Addison St,387913,773,Customer
461,,Southport Ave & Roscoe St,41.94688,-87.65445,62,Sheffield Ave & Addison St,,1209,0,Sheffield Ave & Addison St,9/2/2013 13:22,9/2/2013 13:43,41.943739,-87.66402,71,Southport Ave & Roscoe St,388341,1278,Customer
461,,Campbell Ave & North Ave,41.943739,-87.66402,71,Southport Ave & Roscoe St,,5865,2.0,Southport Ave & Roscoe St,9/2/2013 13:49,9/2/2013 14:31,41.910535,-87.689556,257,Campbell Ave & North Ave,388907,2516,Customer
461,,Campbell Ave & North Ave,41.910535,-87.689556,257,Campbell Ave & North Ave,,0,0,Campbell Ave & North Ave,9/2/2013 15:03,9/2/2013 15:28,41.910535,-87.689556,257,Campbell Ave & North Ave,390459,1506,Customer
461,1983,California Ave & Milwaukee Ave,41.910535,-87.689556,257,Campbell Ave & North Ave,Male,1798,0,Campbell Ave & North Ave,9/2/2013 18:42,9/2/2013 18:49,41.922695,-87.697153,84,California Ave & Milwaukee Ave,394053,410,Subscriber
461,,Western Ave & Winnebago Ave,41.922695,-87.697153,84,California Ave & Milwaukee Ave,,1548,0,California Ave & Milwaukee Ave,9/2/2013 22:17,9/2/2013 22:22,41.915533,-87.687051,68,Western Ave & Winnebago Ave,395363,330,Customer
461,,California Ave & Division St,41.915533,-87.687051,68,Western Ave & Winnebago Ave,,2822,206.0,Western Ave & Winnebago Ave,9/3/2013 1:39,9/3/2013 15:27,41.903029,-87.697474,256,California Ave & Division St,395673,49684,Customer
461,,California Ave & Milwaukee Ave,41.903029,-87.697474,256,California Ave & Division St,,2290,0,California Ave & Division St,9/4/2013 12:00,9/4/2013 12:24,41.922695,-87.697153,84,California Ave & Milwaukee Ave,406379,1422,Customer
461,,Hampden Ct & Diversey Pkwy,41.9256018819,-87.6537080423,60,Sheffield Ave & Fullerton Ave,,1751,0,Sheffield Ave & Fullerton Ave,9/4/2013 14:34,9/4/2013 14:43,41.93262,-87.642385,123,Hampden Ct & Diversey Pkwy,407468,582,Customer
461,,Racine Ave & Belmont Ave,41.93262,-87.642385,123,Hampden Ct & Diversey Pkwy,,2449,0,Hampden Ct & Diversey Pkwy,9/4/2013 14:45,9/4/2013 15:05,41.93979,-87.65893,230,Racine Ave & Belmont Ave,407558,1233,Customer
461,,Pine Grove Ave & Addison St,41.93979,-87.65893,230,Racine Ave & Belmont Ave,,1973,0,Racine Ave & Belmont Ave,9/4/2013 22:11,9/4/2013 22:26,41.947836,-87.645416,273,Pine Grove Ave & Addison St,411923,889,Customer
461,,Lake Shore Dr & Ohio St,41.947836,-87.645416,273,Pine Grove Ave & Addison St,,7201,0,Pine Grove Ave & Addison St,9/5/2013 9:17,9/5/2013 9:41,41.89257,-87.614492,337,Lake Shore Dr & Ohio St,413912,1414,Customer
461,,Museum Campus,41.89257,-87.614492,337,Lake Shore Dr & Ohio St,,3824,0,Lake Shore Dr & Ohio St,9/5/2013 9:52,9/5/2013 10:17,41.865212,-87.617759,29,Museum Campus,414150,1479,Customer
461,,St Clair St & Erie St,41.865212,-87.617759,29,Museum Campus,,4679,0,Museum Campus,9/5/2013 10:34,9/5/2013 10:55,41.894448,-87.622663,16,St Clair St & Erie St,414416,1242,Customer
461,1964,Michigan Ave & Oak St,41.894448,-87.622663,16,St Clair St & Erie St,Male,862,0,St Clair St & Erie St,9/5/2013 11:06,9/5/2013 11:10,41.90096039,-87.62377664,42,Michigan Ave & Oak St,414663,254,Subscriber
461,,Western Ave & Leland Ave,41.90096039,-87.62377664,42,Michigan Ave & Oak St,,9694,2.0,Michigan Ave & Oak St,9/5/2013 11:18,9/5/2013 12:14,41.966555,-87.688487,112,Western Ave & Leland Ave,414836,3336,Customer
461,1980,State St & Erie St,41.884337,-87.630183,23,Daley Center Plaza,Male,1215,0,Daley Center Plaza,9/6/2013 7:49,9/6/2013 7:57,41.893975,-87.628623,45,State St & Erie St,421756,496,Subscriber
461,1981,Clinton St & Madison St,41.893975,-87.628623,45,State St & Erie St,Male,2535,0,State St & Erie St,9/6/2013 8:20,9/6/2013 8:36,41.8815824,-87.64127743,301,Clinton St & Madison St,422101,965,Subscriber
461,1967,Clinton St & Tilden St,41.8815824,-87.64127743,301,Clinton St & Madison St,Male,662,0,Clinton St & Madison St,9/6/2013 9:13,9/6/2013 9:16,41.875885,-87.640795,37,Clinton St & Tilden St,422614,181,Subscriber
461,1986,Aberdeen St & Madison St,41.875885,-87.640795,37,Clinton St & Tilden St,Male,1789,0,Clinton St & Tilden St,9/6/2013 15:29,9/6/2013 15:36,41.881487,-87.654752,156,Aberdeen St & Madison St,426223,423,Subscriber
461,,Canal St & Adams St,41.881487,-87.654752,156,Aberdeen St & Madison St,,1472,0,Aberdeen St & Madison St,9/6/2013 16:44,9/6/2013 16:54,41.87923,-87.640015,11,Canal St & Adams St,427179,606,Customer
461,1986,Wabash Ave & Roosevelt Rd,41.87923,-87.640015,11,Canal St & Adams St,Male,2693,0,Canal St & Adams St,9/6/2013 17:07,9/6/2013 17:17,41.8671729952,-87.6259550069,31,Wabash Ave & Roosevelt Rd,427576,632,Subscriber
461,,Millennium Park,41.8671729952,-87.6259550069,31,Wabash Ave & Roosevelt Rd,,1687,0,Wabash Ave & Roosevelt Rd,9/6/2013 17:28,9/6/2013 17:58,41.8810317,-87.62408432,8,Millennium Park,427985,1788,Customer
461,,Millennium Park,41.8810317,-87.62408432,8,Millennium Park,,0,2.0,Millennium Park,9/6/2013 18:10,9/6/2013 19:07,41.8810317,-87.62408432,8,Millennium Park,428611,3454,Customer
461,,Streeter Dr & Illinois St,41.8810317,-87.62408432,8,Millennium Park,,2194,0,Millennium Park,9/6/2013 19:19,9/6/2013 19:42,41.891071,-87.6122,22,Streeter Dr & Illinois St,429371,1365,Customer
461,,Michigan Ave & Pearson St,41.882134,-87.625125,36,Michigan Ave & Madison St,,2606,0,Michigan Ave & Madison St,9/7/2013 9:10,9/7/2013 9:32,41.89766,-87.62351,34,Michigan Ave & Pearson St,432145,1315,Customer
461,1985,Franklin St & Chicago Ave,41.89766,-87.62351,34,Michigan Ave & Pearson St,Female,1533,0,Michigan Ave & Pearson St,9/7/2013 11:53,9/7/2013 12:00,41.89680204,-87.63563839,17,Franklin St & Chicago Ave,433892,431,Subscriber
461,,Damen Ave & Division St,41.89680204,-87.63563839,17,Franklin St & Chicago Ave,,4168,0,Franklin St & Chicago Ave,9/7/2013 12:12,9/7/2013 12:29,41.90331,-87.67695,136,Damen Ave & Division St,434145,1018,Customer
461,,Canal St & Jackson Blvd,41.90331,-87.67695,136,Damen Ave & Division St,,5053,0,Damen Ave & Division St,9/7/2013 12:32,9/7/2013 13:00,41.87811421,-87.63997112,138,Canal St & Jackson Blvd,434447,1682,Customer
461,,Larrabee St & Kingsbury St,41.8671729952,-87.6259550069,31,Wabash Ave & Roosevelt Rd,,4617,0,Wabash Ave & Roosevelt Rd,9/7/2013 17:23,9/7/2013 17:50,41.897764,-87.642884,12,Larrabee St & Kingsbury St,438998,1670,Customer
461,1965,Clark St & Elm St,41.897764,-87.642884,12,Larrabee St & Kingsbury St,Male,1711,0,Larrabee St & Kingsbury St,9/7/2013 23:13,9/7/2013 23:24,41.903233,-87.631253,349,Clark St & Elm St,442022,671,Subscriber
461,,State St & Pearson St,41.903233,-87.631253,349,Clark St & Elm St,,935,0,Clark St & Elm St,9/8/2013 9:23,9/8/2013 9:29,41.897448,-87.628722,14,State St & Pearson St,443208,365,Customer
461,,Museum Campus,41.88918,-87.6277,50,State St & Kinzie St,,4667,0,State St & Kinzie St,9/8/2013 11:07,9/8/2013 11:30,41.865212,-87.617759,29,Museum Campus,443991,1387,Customer
461,1973,Wells St & Polk St,41.865212,-87.617759,29,Museum Campus,Male,2751,0,Museum Campus,9/8/2013 15:06,9/8/2013 15:21,41.872373,-87.633523,344,Wells St & Polk St,446782,876,Subscriber
461,,Greenwood Ave & 47th St,41.872373,-87.633523,344,Wells St & Polk St,,10568,0,Wells St & Polk St,9/8/2013 19:34,9/8/2013 20:00,41.809835,-87.599383,396,Greenwood Ave & 47th St,449506,1591,Customer
461,1983,Halsted St & James M Rochford St,41.809835,-87.599383,396,Greenwood Ave & 47th St,Male,11376,0,Greenwood Ave & 47th St,9/8/2013 20:40,9/8/2013 20:53,41.865861,-87.646611,166,Halsted St & James M Rochford St,449893,771,Subscriber
461,1983,Western Ave & 21st St,41.865861,-87.646611,166,Halsted St & James M Rochford St,Male,4255,0,Halsted St & James M Rochford St,9/8/2013 20:55,9/8/2013 21:18,41.85394,-87.685243,91,Western Ave & 21st St,449960,1407,Subscriber
461,,Columbus Dr & Randolph St,41.85394,-87.685243,91,Western Ave & 21st St,,10287,6.0,Western Ave & 21st St,9/9/2013 11:37,9/9/2013 13:04,41.8853,-87.62077,263,Columbus Dr & Randolph St,453162,5199,Customer
461,1959,Michigan Ave & Congress Pkwy,41.8853,-87.62077,263,Columbus Dr & Randolph St,Female,1340,1.5,Columbus Dr & Randolph St,9/9/2013 13:26,9/9/2013 14:00,41.876065599,-87.6244333636,40,Michigan Ave & Congress Pkwy,454042,2020,Subscriber
461,1959,Racine Ave & 18th St,41.8694821,-87.6554864,160,May St & Taylor St,Female,1699,0,May St & Taylor St,9/12/2013 15:24,9/12/2013 15:37,41.8581806068,-87.6564866473,164,Racine Ave & 18th St,478097,743,Subscriber
461,1985,Morgan St & Polk St,41.8581806068,-87.6564866473,164,Racine Ave & 18th St,Male,2660,0,Racine Ave & 18th St,9/12/2013 17:16,9/12/2013 17:24,41.871737,-87.65103,168,Morgan St & Polk St,479349,529,Subscriber
461,1994,Canal St & Jackson Blvd,41.871737,-87.65103,168,Morgan St & Polk St,Male,1565,0,Morgan St & Polk St,9/12/2013 17:58,9/12/2013 18:07,41.87811421,-87.63997112,138,Canal St & Jackson Blvd,480046,493,Subscriber
461,1988,Normal Ave & Archer Ave,41.87811421,-87.63997112,138,Canal St & Jackson Blvd,Male,3513,0,Canal St & Jackson Blvd,9/12/2013 18:20,9/12/2013 18:33,41.849527,-87.640591,308,Normal Ave & Archer Ave,480320,779,Subscriber
461,1988,Canal St & Jackson Blvd,41.849527,-87.640591,308,Normal Ave & Archer Ave,Male,4461,0,Normal Ave & Archer Ave,9/13/2013 6:00,9/13/2013 6:15,41.87811421,-87.63997112,138,Canal St & Jackson Blvd,482335,855,Subscriber
461,1975,Daley Center Plaza,41.87811421,-87.63997112,138,Canal St & Jackson Blvd,Male,1645,0,Canal St & Jackson Blvd,9/13/2013 7:04,9/13/2013 7:12,41.884337,-87.630183,23,Daley Center Plaza,482591,494,Subscriber
461,1957,Clinton St & Washington Blvd,41.884337,-87.630183,23,Daley Center Plaza,Male,1034,0,Daley Center Plaza,9/13/2013 12:19,9/13/2013 12:38,41.88338,-87.64117,10,Clinton St & Washington Blvd,484885,1088,Subscriber
461,1984,State St & Van Buren St,41.88338,-87.64117,10,Clinton St & Washington Blvd,Male,1819,0,Clinton St & Washington Blvd,9/13/2013 12:51,9/13/2013 13:01,41.877181,-87.627844,3,State St & Van Buren St,485157,630,Subscriber
461,1976,Wentworth Ave & Archer Ave,41.877181,-87.627844,3,State St & Van Buren St,Male,2781,0,State St & Van Buren St,9/13/2013 14:55,9/13/2013 15:12,41.854564,-87.631937,75,Wentworth Ave & Archer Ave,486125,1000,Subscriber
461,1976,Michigan Ave & Washington St,41.854564,-87.631937,75,Wentworth Ave & Archer Ave,Male,4336,0,Wentworth Ave & Archer Ave,9/13/2013 16:49,9/13/2013 17:10,41.8838927658,-87.6246491409,1,Michigan Ave & Washington St,487287,1231,Subscriber
461,1961,Clinton St & Washington Blvd,41.8838927658,-87.6246491409,1,Michigan Ave & Washington St,Male,1568,0,Michigan Ave & Washington St,9/13/2013 18:08,9/13/2013 18:17,41.88338,-87.64117,10,Clinton St & Washington Blvd,488545,543,Subscriber
461,1984,State St & Kinzie St,41.88338,-87.64117,10,Clinton St & Washington Blvd,Male,1812,0,Clinton St & Washington Blvd,9/13/2013 18:35,9/13/2013 18:42,41.88918,-87.6277,50,State St & Kinzie St,488850,427,Subscriber
461,,Theater on the Lake,41.88918,-87.6277,50,State St & Kinzie St,,6230,2.0,State St & Kinzie St,9/13/2013 19:13,9/13/2013 19:56,41.926277,-87.630834,350,Theater on the Lake,489201,2555,Customer
461,1978,Larrabee St & Armitage Ave,41.926277,-87.630834,350,Theater on the Lake,Male,1974,0,Theater on the Lake,9/14/2013 9:54,9/14/2013 10:04,41.91797,-87.64368,184,Larrabee St & Armitage Ave,491458,618,Subscriber
461,,Ashland Ave & Division St,41.91797,-87.64368,184,Larrabee St & Armitage Ave,,3617,0,Larrabee St & Armitage Ave,9/14/2013 12:52,9/14/2013 13:07,41.903456,-87.66777,61,Ashland Ave & Division St,494183,907,Customer
461,,Damen Ave & Pierce Ave,41.903456,-87.66777,61,Ashland Ave & Division St,,1571,0,Ashland Ave & Division St,9/14/2013 13:30,9/14/2013 13:38,41.9093960065,-87.6776919292,65,Damen Ave & Pierce Ave,494896,471,Customer
461,,California Ave & Division St,41.9093960065,-87.6776919292,65,Damen Ave & Pierce Ave,,2374,0,Damen Ave & Pierce Ave,9/14/2013 14:08,9/14/2013 14:22,41.903029,-87.697474,256,California Ave & Division St,495626,859,Customer
461,1979,Greenwood Ave & 47th St,41.864059,-87.623727,310,Michigan Ave & 14th St,Male,9176,0,Michigan Ave & 14th St,9/15/2013 13:39,9/15/2013 13:42,41.809835,-87.599383,396,Greenwood Ave & 47th St,503560,202,Subscriber
461,,Ashland Ave & Belle Plaine Ave,41.95434,-87.654601,63,Sheridan Rd & Irving Park Rd,,2165,0,Sheridan Rd & Irving Park Rd,9/15/2013 18:20,9/15/2013 18:29,41.956061,-87.668869,249,Ashland Ave & Belle Plaine Ave,504274,516,Customer
461,1949,Ravenswood Ave & Irving Park Rd,41.956061,-87.668869,249,Ashland Ave & Belle Plaine Ave,Male,563,0,Ashland Ave & Belle Plaine Ave,9/16/2013 7:59,9/16/2013 8:01,41.95469,-87.67393,87,Ravenswood Ave & Irving Park Rd,505671,148,Subscriber
461,,Clark St & Lincoln Ave,41.93262,-87.642385,123,Hampden Ct & Diversey Pkwy,,2174,0,Hampden Ct & Diversey Pkwy,9/17/2013 13:52,9/17/2013 14:10,41.915689,-87.6346,179,Clark St & Lincoln Ave,516318,1066,Customer
461,1976,Franklin St & Chicago Ave,41.915689,-87.6346,179,Clark St & Lincoln Ave,Male,2221,0,Clark St & Lincoln Ave,9/18/2013 9:17,9/18/2013 9:26,41.89680204,-87.63563839,17,Franklin St & Chicago Ave,522999,550,Subscriber
461,,Mies van der Rohe Way & Chicago Ave,41.89680204,-87.63563839,17,Franklin St & Chicago Ave,,1317,0,Franklin St & Chicago Ave,9/18/2013 11:02,9/18/2013 11:12,41.89691,-87.621743,338,Mies van der Rohe Way & Chicago Ave,523689,597,Customer
461,1984,State St & Van Buren St,41.89691,-87.621743,338,Mies van der Rohe Way & Chicago Ave,Male,2655,0,Mies van der Rohe Way & Chicago Ave,9/18/2013 12:05,9/18/2013 12:17,41.877181,-87.627844,3,State St & Van Buren St,524063,699,Subscriber
461,1980,Clark St & Congress Pkwy,41.877181,-87.627844,3,State St & Van Buren St,Male,389,0,State St & Van Buren St,9/18/2013 17:01,9/18/2013 17:03,41.8759326655,-87.6305845355,9,Clark St & Congress Pkwy,526584,126,Subscriber
461,1964,Orleans St & Merchandise Mart Plaza,41.8759326655,-87.6305845355,9,Clark St & Congress Pkwy,Female,1816,0,Clark St & Congress Pkwy,9/19/2013 6:22,9/19/2013 6:28,41.888243,-87.63639,13,Orleans St & Merchandise Mart Plaza,527799,370,Subscriber
461,1960,Dearborn Pkwy & Delaware Pl,41.888243,-87.63639,13,Orleans St & Merchandise Mart Plaza,Male,1808,0,Orleans St & Merchandise Mart Plaza,9/19/2013 8:24,9/19/2013 8:34,41.899007,-87.629928,173,Dearborn Pkwy & Delaware Pl,528287,650,Subscriber
461,1989,Halsted St & Dickens Ave,41.89680204,-87.63563839,17,Franklin St & Chicago Ave,Female,3787,0,Franklin St & Chicago Ave,9/19/2013 18:27,9/19/2013 18:42,41.919936,-87.64883,192,Halsted St & Dickens Ave,532390,942,Subscriber
461,1981,St Clair St & Erie St,41.919936,-87.64883,192,Halsted St & Dickens Ave,Female,4908,1.5,Halsted St & Dickens Ave,9/20/2013 8:13,9/20/2013 8:44,41.894448,-87.622663,16,St Clair St & Erie St,535536,1895,Subscriber
461,1953,Dearborn St & Monroe St,41.894448,-87.622663,16,St Clair St & Erie St,Male,2005,0,St Clair St & Erie St,9/20/2013 15:36,9/20/2013 15:53,41.881319815,-87.6295209193,49,Dearborn St & Monroe St,539253,1025,Subscriber
461,1990,Lakeview Ave & Fullerton Pkwy,41.881319815,-87.6295209193,49,Dearborn St & Monroe St,Female,5358,0,Dearborn St & Monroe St,9/20/2013 17:15,9/20/2013 17:38,41.925858,-87.638973,147,Lakeview Ave & Fullerton Pkwy,540624,1372,Subscriber
461,1989,Wells St & Evergreen Ave,41.925858,-87.638973,147,Lakeview Ave & Fullerton Pkwy,Female,2419,0,Lakeview Ave & Fullerton Pkwy,9/20/2013 18:23,9/20/2013 18:40,41.906724,-87.63483,302,Wells St & Evergreen Ave,541589,1040,Subscriber
461,1989,Lakeview Ave & Fullerton Pkwy,41.906724,-87.63483,302,Wells St & Evergreen Ave,Female,2414,0,Wells St & Evergreen Ave,9/20/2013 19:15,9/20/2013 19:26,41.925858,-87.638973,147,Lakeview Ave & Fullerton Pkwy,542085,690,Subscriber
461,,Broadway & Barry Ave,41.925858,-87.638973,147,Lakeview Ave & Fullerton Pkwy,,2322,0,Lakeview Ave & Fullerton Pkwy,9/20/2013 19:57,9/20/2013 20:12,41.937739,-87.644094,137,Broadway & Barry Ave,542413,931,Customer
461,,Fairbanks Ct & Grand Ave,41.937739,-87.644094,137,Broadway & Barry Ave,,7171,2.0,Broadway & Barry Ave,9/21/2013 12:28,9/21/2013 13:03,41.89186,-87.62062,262,Fairbanks Ct & Grand Ave,546648,2061,Customer
461,1987,Clark St & Randolph St,41.89186,-87.62062,262,Fairbanks Ct & Grand Ave,Male,1727,0,Fairbanks Ct & Grand Ave,9/21/2013 14:06,9/21/2013 14:14,41.884576228,-87.63188991,5,Clark St & Randolph St,548461,501,Subscriber
461,1981,Wabash Ave & Grand Ave,41.884576228,-87.63188991,5,Clark St & Randolph St,Female,1387,0,Clark St & Randolph St,9/22/2013 13:19,9/22/2013 13:33,41.891738,-87.626937,4,Wabash Ave & Grand Ave,558502,868,Subscriber
461,,State St & Kinzie St,41.891738,-87.626937,4,Wabash Ave & Grand Ave,,894,0,Wabash Ave & Grand Ave,9/22/2013 13:52,9/22/2013 14:01,41.88918,-87.6277,50,State St & Kinzie St,559017,522,Customer
461,,Columbus Dr & Randolph St,41.88918,-87.6277,50,State St & Kinzie St,,1282,0,State St & Kinzie St,9/22/2013 14:48,9/22/2013 15:07,41.8853,-87.62077,263,Columbus Dr & Randolph St,559848,1121,Customer
461,,Columbus Dr & Randolph St,41.8853,-87.62077,263,Columbus Dr & Randolph St,,0,14.0,Columbus Dr & Randolph St,9/22/2013 15:25,9/22/2013 17:05,41.8853,-87.62077,263,Columbus Dr & Randolph St,560404,6003,Customer
461,,Michigan Ave & Washington St,41.8853,-87.62077,263,Columbus Dr & Randolph St,,469,2.0,Columbus Dr & Randolph St,9/22/2013 21:09,9/22/2013 21:41,41.8838927658,-87.6246491409,1,Michigan Ave & Washington St,564066,1935,Customer
461,1976,Clinton St & Madison St,41.8838927658,-87.6246491409,1,Michigan Ave & Washington St,Male,1630,0,Michigan Ave & Washington St,9/23/2013 5:43,9/23/2013 5:49,41.8815824,-87.64127743,301,Clinton St & Madison St,564537,406,Subscriber
461,1960,Dearborn St & Adams St,41.8815824,-87.64127743,301,Clinton St & Madison St,Male,1272,0,Clinton St & Madison St,9/23/2013 7:38,9/23/2013 7:45,41.8793563587,-87.6297910363,20,Dearborn St & Adams St,565110,426,Subscriber
461,,Michigan Ave & Oak St,41.882091,-87.639833,341,Canal St & Madison St,,3430,6.0,Canal St & Madison St,9/23/2013 10:31,9/23/2013 11:34,41.90096039,-87.62377664,42,Michigan Ave & Oak St,566683,3779,Customer
461,,Streeter Dr & Illinois St,41.90096039,-87.62377664,42,Michigan Ave & Oak St,,2418,0,Michigan Ave & Oak St,9/23/2013 12:56,9/23/2013 13:11,41.891071,-87.6122,22,Streeter Dr & Illinois St,567762,902,Customer
461,,Wilton Ave & Belmont Ave,41.891071,-87.6122,22,Streeter Dr & Illinois St,,7773,2.0,Streeter Dr & Illinois St,9/23/2013 13:19,9/23/2013 14:16,41.94018,-87.65304,69,Wilton Ave & Belmont Ave,567953,3419,Customer
461,1987,Southport Ave & Wellington Ave,41.94018,-87.65304,69,Wilton Ave & Belmont Ave,Male,1367,0,Wilton Ave & Belmont Ave,9/24/2013 6:52,9/24/2013 6:57,41.93584,-87.6637,228,Southport Ave & Wellington Ave,573327,311,Subscriber
461,1965,Loomis St & Taylor St,41.93584,-87.6637,228,Southport Ave & Wellington Ave,Male,9116,0,Southport Ave & Wellington Ave,9/24/2013 7:41,9/24/2013 7:47,41.869417,-87.660996,139,Loomis St & Taylor St,573741,325,Subscriber
461,1983,Bissell St & Armitage Ave,41.869417,-87.660996,139,Loomis St & Taylor St,Male,6666,0,Loomis St & Taylor St,9/24/2013 8:05,9/24/2013 8:16,41.91844,-87.65222,59,Bissell St & Armitage Ave,574038,674,Subscriber
461,1988,Franklin St & Chicago Ave,41.91844,-87.65222,59,Bissell St & Armitage Ave,Female,3790,0,Bissell St & Armitage Ave,9/24/2013 8:19,9/24/2013 8:34,41.89680204,-87.63563839,17,Franklin St & Chicago Ave,574218,884,Subscriber
461,1953,Michigan Ave & Congress Pkwy,41.89680204,-87.63563839,17,Franklin St & Chicago Ave,Male,3228,0,Franklin St & Chicago Ave,9/24/2013 8:38,9/24/2013 8:54,41.876065599,-87.6244333636,40,Michigan Ave & Congress Pkwy,574456,954,Subscriber
461,1952,Franklin St & Jackson Blvd,41.876065599,-87.6244333636,40,Michigan Ave & Congress Pkwy,Male,1160,0,Michigan Ave & Congress Pkwy,9/24/2013 12:02,9/24/2013 12:08,41.8777079559,-87.6353211408,19,Franklin St & Jackson Blvd,575936,367,Subscriber
461,1968,Sangamon St & Washington Blvd,41.8777079559,-87.6353211408,19,Franklin St & Jackson Blvd,Male,2084,0,Franklin St & Jackson Blvd,9/24/2013 12:53,9/24/2013 13:01,41.883004,-87.651148,409,Sangamon St & Washington Blvd,576245,473,Subscriber
461,1963,Canal St & Jackson Blvd,41.883004,-87.651148,409,Sangamon St & Washington Blvd,Male,1491,0,Sangamon St & Washington Blvd,9/24/2013 16:29,9/24/2013 16:36,41.87811421,-87.63997112,138,Canal St & Jackson Blvd,577974,391,Subscriber
461,1984,State St & Van Buren St,41.87811421,-87.63997112,138,Canal St & Jackson Blvd,Male,1452,0,Canal St & Jackson Blvd,9/24/2013 19:42,9/24/2013 19:47,41.877181,-87.627844,3,State St & Van Buren St,580753,307,Subscriber
461,1986,Dearborn Pkwy & Delaware Pl,41.877181,-87.627844,3,State St & Van Buren St,Male,2620,0,State St & Van Buren St,9/24/2013 20:56,9/24/2013 21:05,41.899007,-87.629928,173,Dearborn Pkwy & Delaware Pl,581207,580,Subscriber
461,1986,Wilton Ave & Diversey Pkwy,41.899007,-87.629928,173,Dearborn Pkwy & Delaware Pl,Male,4923,0,Dearborn Pkwy & Delaware Pl,9/24/2013 21:05,9/24/2013 21:21,41.93250008,-87.65268082,66,Wilton Ave & Diversey Pkwy,581254,953,Subscriber
461,1989,Southport Ave & Wellington Ave,41.93250008,-87.65268082,66,Wilton Ave & Diversey Pkwy,Male,1662,0,Wilton Ave & Diversey Pkwy,9/25/2013 21:38,9/25/2013 21:42,41.93584,-87.6637,228,Southport Ave & Wellington Ave,590799,214,Subscriber
461,1982,Jefferson St & Monroe St,41.874337,-87.639566,326,Canal St & Harrison St,Male,934,0,Canal St & Harrison St,9/26/2013 12:16,9/26/2013 12:21,41.880422,-87.642746,38,Jefferson St & Monroe St,594541,306,Subscriber
461,1989,Peoria St & Jackson Blvd,41.880422,-87.642746,38,Jefferson St & Monroe St,Male,1386,0,Jefferson St & Monroe St,9/26/2013 22:21,9/26/2013 22:30,41.877749,-87.649633,158,Peoria St & Jackson Blvd,600591,538,Subscriber
461,,Wood St & Taylor St,41.877749,-87.649633,158,Peoria St & Jackson Blvd,,2718,0,Peoria St & Jackson Blvd,9/27/2013 8:26,9/27/2013 8:38,41.869154,-87.671045,285,Wood St & Taylor St,602391,732,Customer
461,,Wood St & Taylor St,41.869154,-87.671045,285,Wood St & Taylor St,,0,0,Wood St & Taylor St,9/27/2013 13:19,9/27/2013 13:31,41.869154,-87.671045,285,Wood St & Taylor St,605214,752,Customer
461,1963,Clinton St & Washington Blvd,41.869154,-87.671045,285,Wood St & Taylor St,Male,3970,0,Wood St & Taylor St,9/27/2013 17:33,9/27/2013 17:48,41.88338,-87.64117,10,Clinton St & Washington Blvd,609153,887,Subscriber
461,,State St & Erie St,41.8858327415,-87.6413823149,21,Clinton St & Lake St,,2000,2.0,Clinton St & Lake St,9/27/2013 19:16,9/27/2013 19:47,41.893975,-87.628623,45,State St & Erie St,610396,1842,Customer
461,1989,Fairbanks Ct & Grand Ave,41.893975,-87.628623,45,State St & Erie St,Male,992,0,State St & Erie St,9/27/2013 20:51,9/27/2013 20:57,41.89186,-87.62062,262,Fairbanks Ct & Grand Ave,611161,380,Subscriber
461,,Lincoln Ave & Armitage Ave,41.899007,-87.629928,173,Dearborn Pkwy & Delaware Pl,,2537,0,Dearborn Pkwy & Delaware Pl,9/28/2013 10:38,9/28/2013 10:51,41.918273,-87.638116,146,Lincoln Ave & Armitage Ave,614067,758,Customer
461,1982,Halsted St & Dickens Ave,41.918273,-87.638116,146,Lincoln Ave & Armitage Ave,Male,1087,0,Lincoln Ave & Armitage Ave,9/28/2013 12:08,9/28/2013 12:15,41.919936,-87.64883,192,Halsted St & Dickens Ave,615532,444,Subscriber
461,1982,Hampden Ct & Diversey Pkwy,41.919936,-87.64883,192,Halsted St & Dickens Ave,Male,2435,0,Halsted St & Dickens Ave,9/28/2013 13:32,9/28/2013 13:43,41.93262,-87.642385,123,Hampden Ct & Diversey Pkwy,617247,677,Subscriber
461,,Wells St & Ohio St,41.93262,-87.642385,123,Hampden Ct & Diversey Pkwy,,4819,2.0,Hampden Ct & Diversey Pkwy,9/28/2013 13:50,9/28/2013 14:39,41.892238,-87.633985,264,Wells St & Ohio St,617658,2965,Customer
461,,Wells St & Concord Ln,41.892238,-87.633985,264,Wells St & Ohio St,,2616,0,Wells St & Ohio St,9/29/2013 14:40,9/29/2013 14:53,41.912202,-87.634664,182,Wells St & Concord Ln,631098,830,Customer
461,1985,Kingsbury St & Erie St,41.912202,-87.634664,182,Wells St & Concord Ln,Male,2667,0,Wells St & Concord Ln,9/29/2013 15:10,9/29/2013 15:23,41.89384315,-87.64185116,265,Kingsbury St & Erie St,631611,795,Subscriber
461,,Kingsbury St & Erie St,41.89384315,-87.64185116,265,Kingsbury St & Erie St,,0,6.0,Kingsbury St & Erie St,9/29/2013 16:15,9/29/2013 17:23,41.89384315,-87.64185116,265,Kingsbury St & Erie St,632796,4121,Customer
461,,State St & Erie St,41.89384315,-87.64185116,265,Kingsbury St & Erie St,,1095,0,Kingsbury St & Erie St,9/29/2013 17:41,9/29/2013 17:49,41.893975,-87.628623,45,State St & Erie St,634168,475,Customer
461,,Michigan Ave & Pearson St,41.893975,-87.628623,45,State St & Erie St,,857,0,State St & Erie St,9/29/2013 18:40,9/29/2013 18:54,41.89766,-87.62351,34,Michigan Ave & Pearson St,634876,849,Customer
461,,Michigan Ave & Congress Pkwy,41.89766,-87.62351,34,Michigan Ave & Pearson St,,2736,2.0,Michigan Ave & Pearson St,9/29/2013 19:32,9/29/2013 20:04,41.876065599,-87.6244333636,40,Michigan Ave & Congress Pkwy,635364,1916,Customer
461,,Ashland Ave & Lake St,41.876065599,-87.6244333636,40,Michigan Ave & Congress Pkwy,,4640,0,Michigan Ave & Congress Pkwy,9/30/2013 9:39,9/30/2013 9:59,41.88541,-87.66732,73,Ashland Ave & Lake St,638523,1233,Customer
461,,Loomis St & Jackson Blvd,41.88541,-87.66732,73,Ashland Ave & Lake St,,1257,0,Ashland Ave & Lake St,9/30/2013 19:52,9/30/2013 19:59,41.877945,-87.662007,206,Loomis St & Jackson Blvd,645052,443,Customer
461,1989,Peoria St & Jackson Blvd,41.877945,-87.662007,206,Loomis St & Jackson Blvd,Male,1063,0,Loomis St & Jackson Blvd,10/1/2013 9:36,10/1/2013 9:40,41.877749,-87.649633,158,Peoria St & Jackson Blvd,648496,227,Subscriber
461,,Morgan St & Lake St,41.877749,-87.649633,158,Peoria St & Jackson Blvd,,1080,0,Peoria St & Jackson Blvd,10/1/2013 11:56,10/1/2013 12:02,41.8854833079,-87.6523048564,72,Morgan St & Lake St,649526,309,Customer
461,,Damen Ave & Cortland Ave,41.8854833079,-87.6523048564,72,Morgan St & Lake St,,4774,0,Morgan St & Lake St,10/1/2013 17:16,10/1/2013 17:35,41.916027,-87.677411,133,Damen Ave & Cortland Ave,652577,1181,Customer
461,1981,LaSalle St & Jackson Blvd,41.887155,-87.62775,339,State St & Wacker Dr,Female,1521,0,State St & Wacker Dr,10/4/2013 12:21,10/4/2013 12:37,41.87817,-87.631985,32,LaSalle St & Jackson Blvd,677219,962,Subscriber
461,,Wells St & 19th St,41.854564,-87.631937,75,Wentworth Ave & Archer Ave,,402,0,Wentworth Ave & Archer Ave,10/4/2013 15:52,10/4/2013 16:20,41.856802,-87.633879,180,Wells St & 19th St,679569,1699,Customer
461,,Michigan Ave & Congress Pkwy,41.8513751729,-87.6188346489,106,McCormick Place,,3128,2.0,McCormick Place,10/5/2013 10:47,10/5/2013 11:36,41.876065599,-87.6244333636,40,Michigan Ave & Congress Pkwy,686149,2910,Customer
461,,Streeter Dr & Illinois St,41.876065599,-87.6244333636,40,Michigan Ave & Congress Pkwy,,3188,0,Michigan Ave & Congress Pkwy,10/5/2013 14:17,10/5/2013 14:47,41.891071,-87.6122,22,Streeter Dr & Illinois St,689195,1768,Customer
461,,Michigan Ave & Washington St,41.891071,-87.6122,22,Streeter Dr & Illinois St,,2286,0,Streeter Dr & Illinois St,10/5/2013 15:15,10/5/2013 15:37,41.8838927658,-87.6246491409,1,Michigan Ave & Washington St,690172,1325,Customer
461,,Lake Shore Dr & Monroe St,41.8838927658,-87.6246491409,1,Michigan Ave & Washington St,,1455,0,Michigan Ave & Washington St,10/5/2013 15:38,10/5/2013 15:58,41.88105,-87.61697,300,Lake Shore Dr & Monroe St,690545,1227,Customer
461,,Michigan Ave & 18th St,41.88105,-87.61697,300,Lake Shore Dr & Monroe St,,3592,0,Lake Shore Dr & Monroe St,10/5/2013 15:59,10/5/2013 16:22,41.857937,-87.623633,150,Michigan Ave & 18th St,690807,1396,Customer
461,,McCormick Place,41.857937,-87.623633,150,Michigan Ave & 18th St,,1071,0,Michigan Ave & 18th St,10/5/2013 16:25,10/5/2013 16:31,41.8513751729,-87.6188346489,106,McCormick Place,690909,371,Customer
461,,Museum Campus,41.8513751729,-87.6188346489,106,McCormick Place,,2019,0,McCormick Place,10/6/2013 8:48,10/6/2013 9:03,41.865212,-87.617759,29,Museum Campus,692951,873,Customer
461,1983,LaSalle St & Washington St,41.865212,-87.617759,29,Museum Campus,Male,3636,0,Museum Campus,10/6/2013 15:14,10/6/2013 15:35,41.882664,-87.63253,6,LaSalle St & Washington St,697021,1286,Subscriber
461,,Michigan Ave & Lake St,41.882664,-87.63253,6,LaSalle St & Washington St,,1031,6.0,LaSalle St & Washington St,10/6/2013 15:40,10/6/2013 16:45,41.8860581151,-87.6242893413,43,Michigan Ave & Lake St,697466,3896,Customer
461,,Eckhart Park,41.8860581151,-87.6242893413,43,Michigan Ave & Lake St,,3793,0,Michigan Ave & Lake St,10/6/2013 16:48,10/6/2013 17:07,41.89637337,-87.66098386,289,Eckhart Park,698383,1155,Customer
461,1978,LaSalle St & Illinois St,41.89637337,-87.66098386,289,Eckhart Park,Female,2883,0,Eckhart Park,10/7/2013 7:43,10/7/2013 7:56,41.890749,-87.63206,430,LaSalle St & Illinois St,700999,781,Subscriber
461,1952,Dayton St & North Ave,41.91797,-87.64368,184,Larrabee St & Armitage Ave,Male,1324,0,Larrabee St & Armitage Ave,10/7/2013 9:01,10/7/2013 9:07,41.9105780349,-87.6494219288,58,Dayton St & North Ave,701974,369,Subscriber
461,,Millennium Park,41.8810317,-87.62408432,8,Millennium Park,,0,0,Millennium Park,10/7/2013 12:35,10/7/2013 13:00,41.8810317,-87.62408432,8,Millennium Park,703515,1521,Customer
461,,Wabash Ave & Grand Ave,41.8810317,-87.62408432,8,Millennium Park,,1377,0,Millennium Park,10/7/2013 13:04,10/7/2013 13:26,41.891738,-87.626937,4,Wabash Ave & Grand Ave,703758,1331,Customer
461,1966,Sedgwick St & Webster Ave,41.891738,-87.626937,4,Wabash Ave & Grand Ave,Female,3858,0,Wabash Ave & Grand Ave,10/7/2013 16:35,10/7/2013 16:50,41.92197,-87.63854,191,Sedgwick St & Webster Ave,705713,896,Subscriber
461,,Dearborn St & Monroe St,41.92197,-87.63854,191,Sedgwick St & Webster Ave,,4786,0,Sedgwick St & Webster Ave,10/8/2013 8:17,10/8/2013 8:38,41.881319815,-87.6295209193,49,Dearborn St & Monroe St,710705,1276,Customer
461,1981,Franklin St & Quincy St,41.881319815,-87.6295209193,49,Dearborn St & Monroe St,Male,889,0,Dearborn St & Monroe St,10/8/2013 8:41,10/8/2013 8:44,41.878724,-87.634793,7,Franklin St & Quincy St,711052,158,Subscriber
461,1987,Halsted St & James M Rochford St,41.878724,-87.634793,7,Franklin St & Quincy St,Female,2610,0,Franklin St & Quincy St,10/8/2013 17:19,10/8/2013 17:33,41.865861,-87.646611,166,Halsted St & James M Rochford St,716175,862,Subscriber
461,,Wentworth Ave & Archer Ave,41.865861,-87.646611,166,Halsted St & James M Rochford St,,2523,0,Halsted St & James M Rochford St,10/8/2013 20:53,10/8/2013 21:08,41.854564,-87.631937,75,Wentworth Ave & Archer Ave,718773,905,Customer
461,1966,Halsted St & Archer Ave,41.854564,-87.631937,75,Wentworth Ave & Archer Ave,Male,1506,0,Wentworth Ave & Archer Ave,10/9/2013 16:54,10/9/2013 17:01,41.847203,-87.646795,98,Halsted St & Archer Ave,726330,382,Subscriber
461,1963,Emerald Ave & 31st St,41.847203,-87.646795,98,Halsted St & Archer Ave,Male,1130,0,Halsted St & Archer Ave,10/9/2013 21:42,10/9/2013 21:47,41.838198,-87.645143,404,Emerald Ave & 31st St,729820,272,Subscriber
461,,Wallace Ave & 35th St,41.838198,-87.645143,404,Emerald Ave & 31st St,,1152,0,Emerald Ave & 31st St,10/11/2013 16:41,10/11/2013 16:55,41.830629,-87.64129,417,Wallace Ave & 35th St,749881,858,Customer
461,1989,Daley Center Plaza,41.871737,-87.65103,168,Morgan St & Polk St,Male,3209,0,Morgan St & Polk St,10/12/2013 16:15,10/12/2013 16:32,41.884337,-87.630183,23,Daley Center Plaza,762044,989,Subscriber
461,1973,State St & Kinzie St,41.899007,-87.629928,173,Dearborn Pkwy & Delaware Pl,Male,1265,0,Dearborn Pkwy & Delaware Pl,10/12/2013 17:17,10/12/2013 17:25,41.88918,-87.6277,50,State St & Kinzie St,762899,453,Subscriber
461,1973,Dearborn St & Monroe St,41.88918,-87.6277,50,State St & Kinzie St,Male,1033,0,State St & Kinzie St,10/12/2013 18:13,10/12/2013 18:19,41.881319815,-87.6295209193,49,Dearborn St & Monroe St,763623,351,Subscriber
461,1973,Kingsbury St & Erie St,41.881319815,-87.6295209193,49,Dearborn St & Monroe St,Male,2258,0,Dearborn St & Monroe St,10/12/2013 18:32,10/12/2013 18:41,41.89384315,-87.64185116,265,Kingsbury St & Erie St,763880,521,Subscriber
461,1980,Wentworth Ave & Archer Ave,41.89384315,-87.64185116,265,Kingsbury St & Erie St,Male,5603,0,Kingsbury St & Erie St,10/12/2013 18:46,10/12/2013 19:12,41.854564,-87.631937,75,Wentworth Ave & Archer Ave,764042,1555,Subscriber
461,,State St & 19th St,41.854564,-87.631937,75,Wentworth Ave & Archer Ave,,533,0,Wentworth Ave & Archer Ave,10/12/2013 19:59,10/12/2013 20:02,41.856594,-87.627542,408,State St & 19th St,764649,189,Customer
461,,Michigan Ave & 14th St,41.856594,-87.627542,408,State St & 19th St,,1490,0,State St & 19th St,10/12/2013 20:04,10/12/2013 20:12,41.864059,-87.623727,310,Michigan Ave & 14th St,764677,512,Customer
461,,May St & Randolph St,41.864059,-87.623727,310,Michigan Ave & 14th St,,5166,2.0,Michigan Ave & 14th St,10/13/2013 10:23,10/13/2013 11:12,41.88397,-87.655688,155,May St & Randolph St,768171,2917,Customer
461,,Damen Ave & Pierce Ave,41.88397,-87.655688,155,May St & Randolph St,,4318,0,May St & Randolph St,10/13/2013 11:48,10/13/2013 12:15,41.9093960065,-87.6776919292,65,Damen Ave & Pierce Ave,769794,1616,Customer
461,1984,California Ave & Francis Pl,41.9093960065,-87.6776919292,65,Damen Ave & Pierce Ave,Male,2186,0,Damen Ave & Pierce Ave,10/13/2013 13:01,10/13/2013 13:13,41.91855,-87.69723,259,California Ave & Francis Pl,770919,734,Subscriber
461,1985,California Ave & Division St,41.9093960065,-87.6776919292,65,Damen Ave & Pierce Ave,Male,2374,0,Damen Ave & Pierce Ave,10/14/2013 15:38,10/14/2013 15:52,41.903029,-87.697474,256,California Ave & Division St,783538,823,Subscriber
461,1981,Leavitt St & North Ave,41.903029,-87.697474,256,California Ave & Division St,Female,2146,0,California Ave & Division St,10/14/2013 18:15,10/14/2013 18:25,41.910652,-87.6824,244,Leavitt St & North Ave,786093,599,Subscriber
461,1983,Campbell Ave & North Ave,41.910652,-87.6824,244,Leavitt St & North Ave,Male,1052,0,Leavitt St & North Ave,10/14/2013 19:02,10/14/2013 19:10,41.910535,-87.689556,257,Campbell Ave & North Ave,786640,452,Subscriber
461,,California Ave & Division St,41.910535,-87.689556,257,Campbell Ave & North Ave,,1488,0,Campbell Ave & North Ave,10/14/2013 22:57,10/14/2013 23:06,41.903029,-87.697474,256,California Ave & Division St,787976,493,Customer
461,,Campbell Ave & North Ave,41.903029,-87.697474,256,California Ave & Division St,,1833,0,California Ave & Division St,10/15/2013 12:05,10/15/2013 12:13,41.910535,-87.689556,257,Campbell Ave & North Ave,791342,461,Customer
461,1981,Sheffield Ave & Wrightwood Ave,41.910535,-87.689556,257,Campbell Ave & North Ave,Male,4955,0,Campbell Ave & North Ave,10/15/2013 13:13,10/15/2013 13:32,41.928712,-87.653833,211,Sheffield Ave & Wrightwood Ave,791834,1183,Subscriber
461,1990,Southport Ave & Waveland Ave,41.928712,-87.653833,211,Sheffield Ave & Wrightwood Ave,Male,2512,0,Sheffield Ave & Wrightwood Ave,10/16/2013 17:37,10/16/2013 17:46,41.94815,-87.66394,235,Southport Ave & Waveland Ave,801928,548,Subscriber
461,1968,Clark St & Waveland Ave,41.94815,-87.66394,235,Southport Ave & Waveland Ave,Male,602,0,Southport Ave & Waveland Ave,10/16/2013 19:57,10/16/2013 20:00,41.94893,-87.65775,275,Clark St & Waveland Ave,803317,152,Subscriber
461,1979,Southport Ave & Waveland Ave,41.957081,-87.664199,317,Southport Ave & Clark St,Male,995,0,Southport Ave & Clark St,10/17/2013 17:11,10/17/2013 17:15,41.94815,-87.66394,235,Southport Ave & Waveland Ave,806952,250,Subscriber
461,1976,Sheridan Rd & Irving Park Rd,41.957081,-87.664199,317,Southport Ave & Clark St,Male,1125,0,Southport Ave & Clark St,10/18/2013 6:21,10/18/2013 6:24,41.95434,-87.654601,63,Sheridan Rd & Irving Park Rd,809831,224,Subscriber
461,1976,Ravenswood Ave & Montrose Ave,41.95434,-87.654601,63,Sheridan Rd & Irving Park Rd,Male,2850,0,Sheridan Rd & Irving Park Rd,10/18/2013 8:30,10/18/2013 8:41,41.961626,-87.674101,92,Ravenswood Ave & Montrose Ave,810870,653,Subscriber
461,1972,Ravenswood Ave & Irving Park Rd,41.961626,-87.674101,92,Ravenswood Ave & Montrose Ave,Male,839,0,Ravenswood Ave & Montrose Ave,10/18/2013 9:17,10/18/2013 9:21,41.95469,-87.67393,87,Ravenswood Ave & Irving Park Rd,811359,229,Subscriber
461,1989,Ravenswood Ave & Montrose Ave,41.95469,-87.67393,87,Ravenswood Ave & Irving Park Rd,Male,772,0,Ravenswood Ave & Irving Park Rd,10/18/2013 9:47,10/18/2013 9:51,41.961626,-87.674101,92,Ravenswood Ave & Montrose Ave,811560,235,Subscriber
461,1971,Wolcott Ave & Lawrence Ave,41.961626,-87.674101,92,Ravenswood Ave & Montrose Ave,Female,984,0,Ravenswood Ave & Montrose Ave,10/18/2013 11:01,10/18/2013 11:07,41.968641,-87.676335,26,Wolcott Ave & Lawrence Ave,812015,325,Subscriber
461,1971,Ravenswood Ave & Montrose Ave,41.968641,-87.676335,26,Wolcott Ave & Lawrence Ave,Female,952,0,Wolcott Ave & Lawrence Ave,10/18/2013 11:09,10/18/2013 11:13,41.961626,-87.674101,92,Ravenswood Ave & Montrose Ave,812063,222,Subscriber
461,1976,Halsted St & Roscoe St,41.961626,-87.674101,92,Ravenswood Ave & Montrose Ave,Male,3666,0,Ravenswood Ave & Montrose Ave,10/18/2013 11:35,10/18/2013 11:45,41.943662,-87.648917,127,Halsted St & Roscoe St,812192,604,Subscriber
461,1986,Eckhart Park,41.90068,-87.6626,290,Noble St & Milwaukee Ave,Male,831,0,Noble St & Milwaukee Ave,10/22/2013 14:33,10/22/2013 14:37,41.89637337,-87.66098386,289,Eckhart Park,841400,225,Subscriber
461,,Michigan Ave & Oak St,41.89637337,-87.66098386,289,Eckhart Park,,4582,2.0,Eckhart Park,10/22/2013 14:46,10/22/2013 15:22,41.90096039,-87.62377664,42,Michigan Ave & Oak St,841444,2125,Customer
461,1975,Ashland Ave & Division St,41.90096039,-87.62377664,42,Michigan Ave & Oak St,Male,4031,0,Michigan Ave & Oak St,10/22/2013 16:38,10/22/2013 16:57,41.903456,-87.66777,61,Ashland Ave & Division St,841994,1134,Subscriber
461,1971,Wood St & Division St,41.903456,-87.66777,61,Ashland Ave & Division St,Male,411,0,Ashland Ave & Division St,10/22/2013 17:07,10/22/2013 17:21,41.90332,-87.67273,246,Wood St & Division St,842217,805,Subscriber
461,1987,LaSalle St & Washington St,41.90332,-87.67273,246,Wood St & Division St,Female,4643,0,Wood St & Division St,10/24/2013 7:54,10/24/2013 8:11,41.882664,-87.63253,6,LaSalle St & Washington St,851383,1042,Subscriber
461,1962,Clinton St & Washington Blvd,41.882664,-87.63253,6,LaSalle St & Washington St,Male,1055,0,LaSalle St & Washington St,10/24/2013 11:33,10/24/2013 11:39,41.88338,-87.64117,10,Clinton St & Washington Blvd,852909,377,Subscriber
461,,May St & Fulton St,41.87817,-87.631985,32,LaSalle St & Jackson Blvd,,3898,0,LaSalle St & Jackson Blvd,10/24/2013 18:15,10/24/2013 18:32,41.886773,-87.656001,197,May St & Fulton St,855710,1041,Customer
461,,Orleans St & Merchandise Mart Plaza,41.886773,-87.656001,197,May St & Fulton St,,2719,0,May St & Fulton St,10/24/2013 18:52,10/24/2013 19:00,41.888243,-87.63639,13,Orleans St & Merchandise Mart Plaza,855999,494,Customer
461,1989,Wabash Ave & Grand Ave,41.888243,-87.63639,13,Orleans St & Merchandise Mart Plaza,Male,1473,0,Orleans St & Merchandise Mart Plaza,10/24/2013 19:17,10/24/2013 19:24,41.891738,-87.626937,4,Wabash Ave & Grand Ave,856156,402,Subscriber
461,1981,Clinton St & Madison St,41.890749,-87.63206,430,LaSalle St & Illinois St,Male,1962,0,LaSalle St & Illinois St,10/25/2013 9:55,10/25/2013 10:04,41.8815824,-87.64127743,301,Clinton St & Madison St,858648,487,Subscriber
461,1969,Franklin St & Arcade Pl,41.8815824,-87.64127743,301,Clinton St & Madison St,Male,661,0,Clinton St & Madison St,10/25/2013 12:23,10/25/2013 12:27,41.881131,-87.635185,57,Franklin St & Arcade Pl,859366,223,Subscriber
461,1978,State St & Van Buren St,41.881131,-87.635185,57,Franklin St & Arcade Pl,Male,1073,0,Franklin St & Arcade Pl,10/25/2013 14:06,10/25/2013 14:12,41.877181,-87.627844,3,State St & Van Buren St,860074,351,Subscriber
461,,Indiana Ave & Roosevelt Rd,41.877181,-87.627844,3,State St & Van Buren St,,1617,0,State St & Van Buren St,10/25/2013 14:41,10/25/2013 14:52,41.867888,-87.623041,309,Indiana Ave & Roosevelt Rd,860315,657,Customer
461,,Millennium Park,41.867888,-87.623041,309,Indiana Ave & Roosevelt Rd,,1553,0,Indiana Ave & Roosevelt Rd,10/25/2013 14:57,10/25/2013 15:14,41.8810317,-87.62408432,8,Millennium Park,860413,1037,Customer
461,1986,Theater on the Lake,41.8810317,-87.62408432,8,Millennium Park,Male,6961,0,Millennium Park,10/25/2013 16:31,10/25/2013 16:54,41.926277,-87.630834,350,Theater on the Lake,861143,1390,Subscriber
461,1986,Stockton Dr & Wrightwood Ave,41.926277,-87.630834,350,Theater on the Lake,Male,1174,0,Theater on the Lake,10/25/2013 16:54,10/25/2013 16:58,41.93132,-87.638742,276,Stockton Dr & Wrightwood Ave,861456,217,Subscriber
461,,Wilton Ave & Belmont Ave,41.9256018819,-87.6537080423,60,Sheffield Ave & Fullerton Ave,,2068,0,Sheffield Ave & Fullerton Ave,10/25/2013 20:57,10/25/2013 21:06,41.94018,-87.65304,69,Wilton Ave & Belmont Ave,863408,565,Customer
461,,Greenview Ave & Fullerton Ave,41.94018,-87.65304,69,Wilton Ave & Belmont Ave,,2732,0,Wilton Ave & Belmont Ave,10/25/2013 22:15,10/25/2013 22:34,41.92533,-87.6658,295,Greenview Ave & Fullerton Ave,863591,1150,Customer
461,1986,Southport Ave & Clybourn Ave,41.92533,-87.6658,295,Greenview Ave & Fullerton Ave,Male,752,0,Greenview Ave & Fullerton Ave,10/26/2013 13:39,10/26/2013 13:45,41.921004,-87.663257,186,Southport Ave & Clybourn Ave,866217,343,Subscriber
461,,Ashland Ave & Belle Plaine Ave,41.921004,-87.663257,186,Southport Ave & Clybourn Ave,,4294,0,Southport Ave & Clybourn Ave,10/26/2013 14:48,10/26/2013 15:12,41.956061,-87.668869,249,Ashland Ave & Belle Plaine Ave,866916,1442,Customer
461,1984,Wolcott Ave & Lawrence Ave,41.956061,-87.668869,249,Ashland Ave & Belle Plaine Ave,Female,2016,0,Ashland Ave & Belle Plaine Ave,10/27/2013 10:33,10/27/2013 10:42,41.968641,-87.676335,26,Wolcott Ave & Lawrence Ave,870502,497,Subscriber
461,1984,Ravenswood Ave & Berteau Ave,41.968641,-87.676335,26,Wolcott Ave & Lawrence Ave,Male,1394,0,Wolcott Ave & Lawrence Ave,10/28/2013 8:53,10/28/2013 8:58,41.957921,-87.673567,251,Ravenswood Ave & Berteau Ave,876581,292,Subscriber
461,1967,Lincoln Ave & Belle Plaine Ave,41.957921,-87.673567,251,Ravenswood Ave & Berteau Ave,Male,926,0,Ravenswood Ave & Berteau Ave,10/28/2013 12:36,10/28/2013 12:39,41.955927,-87.679259,252,Lincoln Ave & Belle Plaine Ave,877853,193,Subscriber
461,1975,Broadway & Wilson Ave,41.955927,-87.679259,252,Lincoln Ave & Belle Plaine Ave,Male,3156,0,Lincoln Ave & Belle Plaine Ave,10/30/2013 8:41,10/30/2013 8:52,41.965287,-87.658774,74,Broadway & Wilson Ave,890728,668,Subscriber
461,1964,Paulina St & Montrose Ave,41.96167,-87.65464,130,Sheridan Rd & Montrose Ave,Male,1390,0,Sheridan Rd & Montrose Ave,11/5/2013 21:17,11/5/2013 21:23,41.961507,-87.671387,250,Paulina St & Montrose Ave,929056,398,Subscriber
461,1968,Lincoln Ave & Roscoe St,41.961507,-87.671387,250,Paulina St & Montrose Ave,Male,2911,0,Paulina St & Montrose Ave,11/8/2013 7:52,11/8/2013 8:02,41.94334,-87.67097,78,Lincoln Ave & Roscoe St,940970,602,Subscriber
461,1982,Damen Ave & Melrose Ave,41.94334,-87.67097,78,Lincoln Ave & Roscoe St,Male,909,0,Lincoln Ave & Roscoe St,11/8/2013 18:09,11/8/2013 18:13,41.9406,-87.6785,143,Damen Ave & Melrose Ave,945572,227,Subscriber
461,1986,Wilton Ave & Belmont Ave,41.9406,-87.6785,143,Damen Ave & Melrose Ave,Male,2370,0,Damen Ave & Melrose Ave,11/8/2013 18:20,11/8/2013 18:30,41.94018,-87.65304,69,Wilton Ave & Belmont Ave,945655,631,Subscriber
461,,Halsted St & Madison St,41.94018,-87.65304,69,Wilton Ave & Belmont Ave,,8183,0,Wilton Ave & Belmont Ave,11/8/2013 18:47,11/8/2013 19:16,41.88175,-87.6478,159,Halsted St & Madison St,945833,1742,Customer
461,,State St & Van Buren St,41.88175,-87.6478,159,Halsted St & Madison St,,2517,0,Halsted St & Madison St,11/8/2013 19:17,11/8/2013 19:28,41.877181,-87.627844,3,State St & Van Buren St,946018,680,Customer
461,,Michigan Ave & Washington St,41.877181,-87.627844,3,State St & Van Buren St,,1178,2.0,State St & Van Buren St,11/10/2013 15:16,11/10/2013 15:54,41.8838927658,-87.6246491409,1,Michigan Ave & Washington St,957054,2330,Customer
461,1954,State St & Erie St,41.87811421,-87.63997112,138,Canal St & Jackson Blvd,Male,2742,0,Canal St & Jackson Blvd,11/12/2013 8:01,11/12/2013 8:12,41.893975,-87.628623,45,State St & Erie St,963619,638,Subscriber
461,1978,Damen Ave & Sunnyside Ave,41.969517,-87.654691,384,Sheridan Rd & Lawrence Ave,Female,2688,0,Sheridan Rd & Lawrence Ave,11/15/2013 14:35,11/15/2013 14:47,41.96325,-87.679258,315,Damen Ave & Sunnyside Ave,981882,715,Subscriber
461,1979,Lincoln Ave & Leavitt St,41.96325,-87.679258,315,Damen Ave & Sunnyside Ave,Male,493,0,Damen Ave & Sunnyside Ave,11/16/2013 22:45,11/16/2013 22:54,41.962391,-87.684146,126,Lincoln Ave & Leavitt St,988380,536,Subscriber
461,1986,Sheridan Rd & Irving Park Rd,41.96167,-87.65464,130,Sheridan Rd & Montrose Ave,Male,815,0,Sheridan Rd & Montrose Ave,11/20/2013 16:31,11/20/2013 16:35,41.95434,-87.654601,63,Sheridan Rd & Irving Park Rd,1004820,224,Subscriber
461,1971,Southport Ave & Irving Park Rd,41.95434,-87.654601,63,Sheridan Rd & Irving Park Rd,Male,1512,0,Sheridan Rd & Irving Park Rd,11/20/2013 18:16,11/20/2013 18:30,41.954177,-87.664358,321,Southport Ave & Irving Park Rd,1005777,822,Subscriber
461,1980,Sheridan Rd & Irving Park Rd,41.954177,-87.664358,321,Southport Ave & Irving Park Rd,Male,836,0,Southport Ave & Irving Park Rd,11/21/2013 8:00,11/21/2013 8:02,41.95434,-87.654601,63,Sheridan Rd & Irving Park Rd,1007315,151,Subscriber
461,1980,Southport Ave & Clark St,41.95434,-87.654601,63,Sheridan Rd & Irving Park Rd,Male,1682,0,Sheridan Rd & Irving Park Rd,11/21/2013 19:50,11/21/2013 19:54,41.957081,-87.664199,317,Southport Ave & Clark St,1010984,205,Subscriber
461,1957,Sheridan Rd & Irving Park Rd,41.957081,-87.664199,317,Southport Ave & Clark St,Male,1125,0,Southport Ave & Clark St,11/22/2013 7:43,11/22/2013 7:47,41.95434,-87.654601,63,Sheridan Rd & Irving Park Rd,1011920,231,Subscriber
461,1975,Southport Ave & Clark St,41.94688,-87.65445,62,Sheffield Ave & Addison St,Female,1617,0,Sheffield Ave & Addison St,11/23/2013 17:07,11/23/2013 17:16,41.957081,-87.664199,317,Southport Ave & Clark St,1017785,564,Subscriber
461,1983,Wood St & Milwaukee Ave,41.957081,-87.664199,317,Southport Ave & Clark St,Female,6222,0,Southport Ave & Clark St,11/26/2013 18:21,11/26/2013 18:47,41.907655,-87.672552,221,Wood St & Milwaukee Ave,1026557,1552,Subscriber
461,1975,Damen Ave & Division St,41.907655,-87.672552,221,Wood St & Milwaukee Ave,Female,751,0,Wood St & Milwaukee Ave,11/27/2013 8:27,11/27/2013 8:32,41.90331,-87.67695,136,Damen Ave & Division St,1027855,295,Subscriber
461,,Kedzie Ave & Milwaukee Ave,41.90331,-87.67695,136,Damen Ave & Division St,,4120,0,Damen Ave & Division St,12/1/2013 15:15,12/1/2013 15:37,41.929567,-87.707857,85,Kedzie Ave & Milwaukee Ave,1037477,1313,Customer
461,1977,Clark St & Randolph St,41.87923,-87.640015,11,Canal St & Adams St,Male,2106,0,Canal St & Adams St,12/9/2013 7:25,12/9/2013 7:30,41.884576228,-87.63188991,5,Clark St & Randolph St,1064680,290,Subscriber
461,1967,Michigan Ave & Lake St,41.884576228,-87.63188991,5,Clark St & Randolph St,Male,869,0,Clark St & Randolph St,12/9/2013 10:02,12/9/2013 10:06,41.8860581151,-87.6242893413,43,Michigan Ave & Lake St,1065147,234,Subscriber
461,1967,Daley Center Plaza,41.8860581151,-87.6242893413,43,Michigan Ave & Lake St,Male,820,0,Michigan Ave & Lake St,12/9/2013 15:02,12/9/2013 15:05,41.884337,-87.630183,23,Daley Center Plaza,1065698,226,Subscriber
461,1969,Canal St & Adams St,41.884337,-87.630183,23,Daley Center Plaza,Male,1396,0,Daley Center Plaza,12/9/2013 17:13,12/9/2013 17:20,41.87923,-87.640015,11,Canal St & Adams St,1066071,440,Subscriber
461,1975,Columbus Dr & Randolph St,41.87923,-87.640015,11,Canal St & Adams St,Male,3039,0,Canal St & Adams St,12/10/2013 5:39,12/10/2013 5:47,41.8853,-87.62077,263,Columbus Dr & Randolph St,1066773,538,Subscriber
461,1964,State St & Randolph St,41.8853,-87.62077,263,Columbus Dr & Randolph St,Male,702,0,Columbus Dr & Randolph St,12/10/2013 10:00,12/10/2013 10:03,41.8847302006,-87.6277335692,2,State St & Randolph St,1067326,157,Subscriber
461,1976,State St & Kinzie St,41.8847302006,-87.6277335692,2,State St & Randolph St,Male,523,0,State St & Randolph St,12/10/2013 10:12,12/10/2013 10:16,41.88918,-87.6277,50,State St & Kinzie St,1067363,199,Subscriber
461,1973,Canal St & Adams St,41.88918,-87.6277,50,State St & Kinzie St,Male,2310,0,State St & Kinzie St,12/10/2013 16:37,12/10/2013 16:49,41.87923,-87.640015,11,Canal St & Adams St,1068201,684,Subscriber
461,1989,Franklin St & Lake St,41.881131,-87.635185,57,Franklin St & Arcade Pl,Male,524,0,Franklin St & Arcade Pl,12/10/2013 19:34,12/10/2013 19:37,41.885837,-87.6355,272,Franklin St & Lake St,1068761,202,Subscriber
461,1984,Halsted St & Polk St,41.880422,-87.642746,38,Jefferson St & Monroe St,Male,2113,0,Jefferson St & Monroe St,12/19/2013 6:15,12/19/2013 6:20,41.87184,-87.64664,27,Halsted St & Polk St,1087138,306,Subscriber
461,1984,Jefferson St & Monroe St,41.87184,-87.64664,27,Halsted St & Polk St,Male,1466,0,Halsted St & Polk St,12/19/2013 6:55,12/19/2013 7:00,41.880422,-87.642746,38,Jefferson St & Monroe St,1087225,323,Subscriber
461,1979,Dearborn St & Monroe St,41.880422,-87.642746,38,Jefferson St & Monroe St,Male,1179,0,Jefferson St & Monroe St,12/19/2013 8:12,12/19/2013 8:18,41.881319815,-87.6295209193,49,Dearborn St & Monroe St,1087558,394,Subscriber
461,1969,Wabash Ave & Roosevelt Rd,41.881319815,-87.6295209193,49,Dearborn St & Monroe St,Male,1854,0,Dearborn St & Monroe St,12/19/2013 12:54,12/19/2013 13:08,41.8671729952,-87.6259550069,31,Wabash Ave & Roosevelt Rd,1088749,848,Subscriber
461,1955,Canal St & Jackson Blvd,41.8671729952,-87.6259550069,31,Wabash Ave & Roosevelt Rd,Male,2808,0,Wabash Ave & Roosevelt Rd,12/19/2013 17:28,12/19/2013 17:41,41.87811421,-87.63997112,138,Canal St & Jackson Blvd,1089896,763,Subscriber
461,,Michigan Ave & Washington St,41.912202,-87.634664,182,Wells St & Concord Ln,,3985,0,Wells St & Concord Ln,12/28/2013 12:00,12/28/2013 12:25,41.8838927658,-87.6246491409,1,Michigan Ave & Washington St,1103469,1495,Customer
