bikeid,birthyear,end_station,from_lat,from_long,from_station_id,from_station_name,gender,meters,overage,start_station,starttime,stoptime,to_lat,to_long,to_station_id,to_station_name,trip_id,tripduration,usertype
750,1973,Fairbanks Ct & Grand Ave,41.8815824,-87.64127743,301,Clinton St & Madison St,Male,2998,0,Clinton St & Madison St,7/25/2013 17:00,7/25/2013 17:21,41.89186,-87.62062,262,Fairbanks Ct & Grand Ave,106805,1283,Subscriber
750,,Millennium Park,41.89186,-87.62062,262,Fairbanks Ct & Grand Ave,,1932,0,Fairbanks Ct & Grand Ave,7/25/2013 17:39,7/25/2013 17:47,41.8810317,-87.62408432,8,Millennium Park,107091,508,Customer
750,,Museum Campus,41.8810317,-87.62408432,8,Millennium Park,,2745,0,Millennium Park,7/25/2013 18:22,7/25/2013 18:43,41.865212,-87.617759,29,Museum Campus,107357,1243,Customer
750,,Lake Shore Dr & Monroe St,41.865212,-87.617759,29,Museum Campus,,2229,0,Museum Campus,7/25/2013 18:45,7/25/2013 18:57,41.88105,-87.61697,300,Lake Shore Dr & Monroe St,107459,741,Customer
750,,Ellis Ave & 58th St,41.88105,-87.61697,300,Lake Shore Dr & Monroe St,,13700,0,Lake Shore Dr & Monroe St,7/25/2013 19:19,7/25/2013 19:41,41.788746,-87.601334,365,Ellis Ave & 58th St,107610,1324,Customer
750,,Millennium Park,41.788746,-87.601334,365,Ellis Ave & 58th St,,13740,0,Ellis Ave & 58th St,7/25/2013 19:41,7/25/2013 20:03,41.8810317,-87.62408432,8,Millennium Park,107723,1325,Customer
750,,Museum Campus,41.8810317,-87.62408432,8,Millennium Park,,2745,0,Millennium Park,7/25/2013 21:19,7/25/2013 21:32,41.865212,-87.617759,29,Museum Campus,108140,786,Customer
750,1958,Franklin St & Jackson Blvd,41.8671729952,-87.6259550069,31,Wabash Ave & Roosevelt Rd,Male,1941,0,Wabash Ave & Roosevelt Rd,7/26/2013 11:35,7/26/2013 11:44,41.8777079559,-87.6353211408,19,Franklin St & Jackson Blvd,109565,563,Subscriber
750,1982,Racine Ave & Congress Pkwy,41.8777079559,-87.6353211408,19,Franklin St & Jackson Blvd,Male,2442,0,Franklin St & Jackson Blvd,7/26/2013 12:21,7/26/2013 12:30,41.87464,-87.65703,76,Racine Ave & Congress Pkwy,109758,543,Subscriber
750,,Lincoln Ave & Armitage Ave,41.877749,-87.649633,158,Peoria St & Jackson Blvd,,6006,6.0,Peoria St & Jackson Blvd,7/27/2013 13:43,7/27/2013 15:00,41.918273,-87.638116,146,Lincoln Ave & Armitage Ave,114269,4637,Customer
750,,Southport Ave & Wellington Ave,41.918273,-87.638116,146,Lincoln Ave & Armitage Ave,,2944,0,Lincoln Ave & Armitage Ave,7/27/2013 15:09,7/27/2013 15:27,41.93584,-87.6637,228,Southport Ave & Wellington Ave,114889,1077,Customer
750,,Damen Ave & Pierce Ave,41.93584,-87.6637,228,Southport Ave & Wellington Ave,,4087,0,Southport Ave & Wellington Ave,7/27/2013 18:01,7/27/2013 18:16,41.9093960065,-87.6776919292,65,Damen Ave & Pierce Ave,115958,943,Customer
750,,Blue Island Ave & 18th St,41.9093960065,-87.6776919292,65,Damen Ave & Pierce Ave,,7297,0,Damen Ave & Pierce Ave,7/27/2013 18:39,7/27/2013 19:04,41.857556,-87.661535,135,Blue Island Ave & 18th St,116142,1509,Customer
750,,Wells St & Walton St,41.857556,-87.661535,135,Blue Island Ave & 18th St,,6654,2.0,Blue Island Ave & 18th St,7/27/2013 23:22,7/27/2013 23:56,41.89993001,-87.63443007,46,Wells St & Walton St,117122,2035,Customer
750,,Michigan Ave & Oak St,41.89993001,-87.63443007,46,Wells St & Walton St,,966,0,Wells St & Walton St,7/28/2013 10:39,7/28/2013 10:50,41.90096039,-87.62377664,42,Michigan Ave & Oak St,117794,667,Customer
750,1985,Michigan Ave & Oak St,41.90096039,-87.62377664,42,Michigan Ave & Oak St,Female,0,0,Michigan Ave & Oak St,7/28/2013 12:33,7/28/2013 12:47,41.90096039,-87.62377664,42,Michigan Ave & Oak St,118260,862,Subscriber
750,,Lake Shore Dr & Ohio St,41.90096039,-87.62377664,42,Michigan Ave & Oak St,,3934,0,Michigan Ave & Oak St,7/28/2013 13:00,7/28/2013 13:28,41.89257,-87.614492,337,Lake Shore Dr & Ohio St,118418,1629,Customer
750,,Michigan Ave & Pearson St,41.89257,-87.614492,337,Lake Shore Dr & Ohio St,,1830,0,Lake Shore Dr & Ohio St,7/28/2013 13:32,7/28/2013 13:55,41.89766,-87.62351,34,Michigan Ave & Pearson St,118624,1381,Customer
750,1954,Michigan Ave & Washington St,41.89766,-87.62351,34,Michigan Ave & Pearson St,Male,1865,0,Michigan Ave & Pearson St,7/28/2013 14:19,7/28/2013 14:30,41.8838927658,-87.6246491409,1,Michigan Ave & Washington St,118985,695,Subscriber
750,,State St & Randolph St,41.8838927658,-87.6246491409,1,Michigan Ave & Washington St,,371,30.0,Michigan Ave & Washington St,7/28/2013 16:36,7/28/2013 19:24,41.8847302006,-87.6277335692,2,State St & Randolph St,119995,10075,Customer
750,,Millennium Park,41.8847302006,-87.6277335692,2,State St & Randolph St,,839,0,State St & Randolph St,7/28/2013 20:48,7/28/2013 21:16,41.8810317,-87.62408432,8,Millennium Park,121500,1701,Customer
750,1978,State St & Randolph St,41.8810317,-87.62408432,8,Millennium Park,Male,705,0,Millennium Park,7/29/2013 12:24,7/29/2013 12:44,41.8847302006,-87.6277335692,2,State St & Randolph St,123617,1191,Subscriber
750,1978,Millennium Park,41.8847302006,-87.6277335692,2,State St & Randolph St,Male,839,0,State St & Randolph St,7/29/2013 12:46,7/29/2013 12:53,41.8810317,-87.62408432,8,Millennium Park,123780,364,Subscriber
750,1978,State St & Randolph St,41.8810317,-87.62408432,8,Millennium Park,Male,705,0,Millennium Park,7/29/2013 14:12,7/29/2013 14:19,41.8847302006,-87.6277335692,2,State St & Randolph St,124239,425,Subscriber
750,,Fairbanks Ct & Grand Ave,41.8847302006,-87.6277335692,2,State St & Randolph St,,1462,0,State St & Randolph St,7/29/2013 14:40,7/29/2013 14:50,41.89186,-87.62062,262,Fairbanks Ct & Grand Ave,124342,555,Customer
750,,Michigan Ave & Oak St,41.89186,-87.62062,262,Fairbanks Ct & Grand Ave,,1744,0,Fairbanks Ct & Grand Ave,7/29/2013 15:10,7/29/2013 15:36,41.90096039,-87.62377664,42,Michigan Ave & Oak St,124554,1608,Customer
750,1990,Cannon Dr & Fullerton Ave,41.90096039,-87.62377664,42,Michigan Ave & Oak St,Female,3392,0,Michigan Ave & Oak St,7/29/2013 15:44,7/29/2013 15:59,41.9267559875,-87.6344287848,124,Cannon Dr & Fullerton Ave,124734,863,Subscriber
750,,Clark St & North Ave,41.9267559875,-87.6344287848,124,Cannon Dr & Fullerton Ave,,1935,2.0,Cannon Dr & Fullerton Ave,7/29/2013 17:14,7/29/2013 17:48,41.911791,-87.631841,128,Clark St & North Ave,125398,1986,Customer
750,,Cannon Dr & Fullerton Ave,41.911791,-87.631841,128,Clark St & North Ave,,1931,0,Clark St & North Ave,7/29/2013 17:49,7/29/2013 18:12,41.9267559875,-87.6344287848,124,Cannon Dr & Fullerton Ave,125737,1381,Customer
750,1981,Damen Ave & Pierce Ave,41.9267559875,-87.6344287848,124,Cannon Dr & Fullerton Ave,Male,5341,0,Cannon Dr & Fullerton Ave,7/29/2013 18:58,7/29/2013 19:23,41.9093960065,-87.6776919292,65,Damen Ave & Pierce Ave,126189,1519,Subscriber
750,1986,LaSalle St & Illinois St,41.897764,-87.642884,12,Larrabee St & Kingsbury St,Female,1692,0,Larrabee St & Kingsbury St,7/31/2013 21:40,7/31/2013 21:48,41.890749,-87.63206,430,LaSalle St & Illinois St,134522,489,Subscriber
750,,Pine Grove Ave & Addison St,41.890749,-87.63206,430,LaSalle St & Illinois St,,7056,0,LaSalle St & Illinois St,7/31/2013 22:27,7/31/2013 22:35,41.947836,-87.645416,273,Pine Grove Ave & Addison St,134583,466,Customer
750,,Halsted St & 21st St,41.947836,-87.645416,273,Pine Grove Ave & Addison St,,14873,0,Pine Grove Ave & Addison St,7/31/2013 22:43,7/31/2013 23:08,41.85378,-87.64665,162,Halsted St & 21st St,134612,1552,Customer
750,,Wells St & Erie St,41.865212,-87.617759,29,Museum Campus,,5786,0,Museum Campus,8/1/2013 9:26,8/1/2013 9:48,41.893832,-87.634195,64,Wells St & Erie St,135544,1332,Customer
750,,Michigan Ave & Oak St,41.93250008,-87.65268082,66,Wilton Ave & Diversey Pkwy,,5189,0,Wilton Ave & Diversey Pkwy,8/1/2013 12:16,8/1/2013 12:39,41.90096039,-87.62377664,42,Michigan Ave & Oak St,136327,1346,Customer
750,,Millennium Park,41.89102,-87.6173,51,McClurg Ct & Illinois St,,2728,0,McClurg Ct & Illinois St,8/1/2013 15:01,8/1/2013 15:18,41.8810317,-87.62408432,8,Millennium Park,137246,1029,Customer
750,1973,Ashland Ave & Augusta Blvd,41.8860581151,-87.6242893413,43,Michigan Ave & Lake St,Male,4499,1.5,Michigan Ave & Lake St,8/1/2013 18:23,8/1/2013 18:58,41.899643,-87.6677,248,Ashland Ave & Augusta Blvd,138846,2118,Subscriber
750,1967,Franklin St & Jackson Blvd,41.8854833079,-87.6523048564,72,Morgan St & Lake St,Female,2733,0,Morgan St & Lake St,8/2/2013 11:38,8/2/2013 11:55,41.8777079559,-87.6353211408,19,Franklin St & Jackson Blvd,141440,966,Subscriber
750,1955,Millennium Park,41.8777079559,-87.6353211408,19,Franklin St & Jackson Blvd,Male,1262,0,Franklin St & Jackson Blvd,8/2/2013 13:04,8/2/2013 13:15,41.8810317,-87.62408432,8,Millennium Park,141913,655,Subscriber
750,1980,Orleans St & Merchandise Mart Plaza,41.8810317,-87.62408432,8,Millennium Park,Male,1790,0,Millennium Park,8/2/2013 13:22,8/2/2013 13:35,41.888243,-87.63639,13,Orleans St & Merchandise Mart Plaza,142011,802,Subscriber
750,1985,Damen Ave & Pierce Ave,41.888243,-87.63639,13,Orleans St & Merchandise Mart Plaza,Male,4841,0,Orleans St & Merchandise Mart Plaza,8/2/2013 15:52,8/2/2013 16:11,41.9093960065,-87.6776919292,65,Damen Ave & Pierce Ave,142880,1173,Subscriber
750,1985,Southport Ave & Wellington Ave,41.9093960065,-87.6776919292,65,Damen Ave & Pierce Ave,Male,4087,0,Damen Ave & Pierce Ave,8/2/2013 17:26,8/2/2013 17:46,41.93584,-87.6637,228,Southport Ave & Wellington Ave,143549,1191,Subscriber
750,,Wilton Ave & Diversey Pkwy,41.932225,-87.658617,226,Lincoln Ave & Diversey Pkwy,,1097,0,Lincoln Ave & Diversey Pkwy,8/3/2013 15:50,8/3/2013 16:00,41.93250008,-87.65268082,66,Wilton Ave & Diversey Pkwy,149630,561,Customer
750,,Clark St & North Ave,41.93250008,-87.65268082,66,Wilton Ave & Diversey Pkwy,,3378,0,Wilton Ave & Diversey Pkwy,8/3/2013 16:04,8/3/2013 16:23,41.911791,-87.631841,128,Clark St & North Ave,149790,1195,Customer
750,,Lincoln Ave & Armitage Ave,41.911791,-87.631841,128,Clark St & North Ave,,992,0,Clark St & North Ave,8/3/2013 16:40,8/3/2013 17:04,41.918273,-87.638116,146,Lincoln Ave & Armitage Ave,150142,1457,Customer
750,,Clark St & North Ave,41.918273,-87.638116,146,Lincoln Ave & Armitage Ave,,992,0,Lincoln Ave & Armitage Ave,8/3/2013 17:10,8/3/2013 17:26,41.911791,-87.631841,128,Clark St & North Ave,150452,918,Customer
750,,Lake Shore Dr & Ohio St,41.911791,-87.631841,128,Clark St & North Ave,,3277,2.0,Clark St & North Ave,8/3/2013 17:26,8/3/2013 18:02,41.89257,-87.614492,337,Lake Shore Dr & Ohio St,150627,2127,Customer
750,,State St & Kinzie St,41.89257,-87.614492,337,Lake Shore Dr & Ohio St,,1420,0,Lake Shore Dr & Ohio St,8/3/2013 19:59,8/3/2013 20:21,41.88918,-87.6277,50,State St & Kinzie St,152145,1327,Customer
750,,Lake Shore Dr & Monroe St,41.88918,-87.6277,50,State St & Kinzie St,,2647,0,State St & Kinzie St,8/3/2013 21:15,8/3/2013 21:40,41.88105,-87.61697,300,Lake Shore Dr & Monroe St,152655,1502,Customer
750,,Clinton St & Washington Blvd,41.88105,-87.61697,300,Lake Shore Dr & Monroe St,,3039,2.0,Lake Shore Dr & Monroe St,8/3/2013 21:50,8/3/2013 22:27,41.88338,-87.64117,10,Clinton St & Washington Blvd,152900,2209,Customer
750,,Halsted St & James M Rochford St,41.88338,-87.64117,10,Clinton St & Washington Blvd,,2451,2.0,Clinton St & Washington Blvd,8/4/2013 2:26,8/4/2013 3:12,41.865861,-87.646611,166,Halsted St & James M Rochford St,153704,2778,Customer
750,,Halsted St & James M Rochford St,41.865861,-87.646611,166,Halsted St & James M Rochford St,,0,0,Halsted St & James M Rochford St,8/5/2013 8:35,8/5/2013 8:36,41.865861,-87.646611,166,Halsted St & James M Rochford St,161732,97,Customer
750,,Museum Campus,41.8777079559,-87.6353211408,19,Franklin St & Jackson Blvd,,3405,2.0,Franklin St & Jackson Blvd,8/13/2013 17:36,8/13/2013 18:08,41.865212,-87.617759,29,Museum Campus,219508,1920,Customer
750,,Canal St & Adams St,41.8810317,-87.62408432,8,Millennium Park,,1724,0,Millennium Park,8/13/2013 21:48,8/13/2013 22:02,41.87923,-87.640015,11,Canal St & Adams St,221179,880,Customer
750,,900 W Harrison,41.87923,-87.640015,11,Canal St & Adams St,,1317,0,Canal St & Adams St,8/14/2013 11:19,8/14/2013 11:24,41.8745,-87.6498,28,900 W Harrison,223237,329,Customer
750,,Congress Pkwy & Ogden Ave,41.8745,-87.6498,28,900 W Harrison,,2160,0,900 W Harrison,8/14/2013 19:07,8/14/2013 19:16,41.87501,-87.67328,0,Congress Pkwy & Ogden Ave,226970,502,Customer
750,,900 W Harrison,41.87501,-87.67328,0,Congress Pkwy & Ogden Ave,,2686,0,Congress Pkwy & Ogden Ave,8/14/2013 21:48,8/14/2013 21:55,41.8745,-87.6498,28,900 W Harrison,227906,421,Customer
750,,Peoria St & Jackson Blvd,41.8745,-87.6498,28,900 W Harrison,,365,0,900 W Harrison,8/16/2013 8:43,8/16/2013 8:45,41.877749,-87.649633,158,Peoria St & Jackson Blvd,236067,148,Customer
750,1969,Jefferson St & Monroe St,41.877749,-87.649633,158,Peoria St & Jackson Blvd,Male,867,0,Peoria St & Jackson Blvd,8/16/2013 10:32,8/16/2013 10:35,41.880422,-87.642746,38,Jefferson St & Monroe St,236688,228,Subscriber
750,1969,Clinton St & Lake St,41.880422,-87.642746,38,Jefferson St & Monroe St,Male,940,0,Jefferson St & Monroe St,8/16/2013 13:03,8/16/2013 13:26,41.8858327415,-87.6413823149,21,Clinton St & Lake St,237883,1331,Subscriber
750,1958,Clinton St & Madison St,41.8858327415,-87.6413823149,21,Clinton St & Lake St,Female,488,0,Clinton St & Lake St,8/16/2013 13:38,8/16/2013 13:43,41.8815824,-87.64127743,301,Clinton St & Madison St,238224,277,Subscriber
750,,Millennium Park,41.95469,-87.67393,87,Ravenswood Ave & Irving Park Rd,,13638,0,Ravenswood Ave & Irving Park Rd,8/16/2013 16:06,8/16/2013 16:22,41.8810317,-87.62408432,8,Millennium Park,239623,1009,Customer
750,,Lake Shore Dr & Monroe St,41.8810317,-87.62408432,8,Millennium Park,,1112,0,Millennium Park,8/16/2013 16:27,8/16/2013 16:46,41.88105,-87.61697,300,Lake Shore Dr & Monroe St,239865,1088,Customer
750,,Clark St & North Ave,41.88105,-87.61697,300,Lake Shore Dr & Monroe St,,5138,2.0,Lake Shore Dr & Monroe St,8/16/2013 16:47,8/16/2013 17:35,41.911791,-87.631841,128,Clark St & North Ave,240120,2865,Customer
750,,Lake Shore Dr & Ohio St,41.911791,-87.631841,128,Clark St & North Ave,,3277,2.0,Clark St & North Ave,8/16/2013 17:43,8/16/2013 18:22,41.89257,-87.614492,337,Lake Shore Dr & Ohio St,240910,2322,Customer
750,,Millennium Park,41.89257,-87.614492,337,Lake Shore Dr & Ohio St,,2643,0,Lake Shore Dr & Ohio St,8/16/2013 18:30,8/16/2013 18:52,41.8810317,-87.62408432,8,Millennium Park,241400,1322,Customer
750,,Museum Campus,41.8810317,-87.62408432,8,Millennium Park,,2745,2.0,Millennium Park,8/16/2013 19:27,8/16/2013 20:10,41.865212,-87.617759,29,Museum Campus,241966,2547,Customer
750,,Millennium Park,41.8810317,-87.62408432,8,Millennium Park,,0,6.0,Millennium Park,8/17/2013 11:36,8/17/2013 12:52,41.8810317,-87.62408432,8,Millennium Park,245631,4570,Customer
750,,Museum Campus,41.8810317,-87.62408432,8,Millennium Park,,2745,0,Millennium Park,8/17/2013 12:57,8/17/2013 13:19,41.865212,-87.617759,29,Museum Campus,246864,1351,Customer
750,,Streeter Dr & Illinois St,41.865212,-87.617759,29,Museum Campus,,3684,2.0,Museum Campus,8/17/2013 13:37,8/17/2013 14:08,41.891071,-87.6122,22,Streeter Dr & Illinois St,247506,1853,Customer
750,,Michigan Ave & Madison St,41.891071,-87.6122,22,Streeter Dr & Illinois St,,2540,2.0,Streeter Dr & Illinois St,8/17/2013 14:29,8/17/2013 15:09,41.882134,-87.625125,36,Michigan Ave & Madison St,248252,2398,Customer
750,,Streeter Dr & Illinois St,41.882134,-87.625125,36,Michigan Ave & Madison St,,2784,0,Michigan Ave & Madison St,8/17/2013 15:26,8/17/2013 15:54,41.891071,-87.6122,22,Streeter Dr & Illinois St,249072,1703,Customer
750,,Halsted St & 35th St,41.891071,-87.6122,22,Streeter Dr & Illinois St,,9719,0,Streeter Dr & Illinois St,8/17/2013 15:57,8/17/2013 16:21,41.830661,-87.647172,413,Halsted St & 35th St,249495,1446,Customer
750,,Sedgwick St & Webster Ave,41.830661,-87.647172,413,Halsted St & 35th St,,14043,0,Halsted St & 35th St,8/17/2013 16:34,8/17/2013 17:03,41.92197,-87.63854,191,Sedgwick St & Webster Ave,250056,1725,Customer
750,,Morgan St & Lake St,41.92197,-87.63854,191,Sedgwick St & Webster Ave,,5664,2.0,Sedgwick St & Webster Ave,8/17/2013 18:58,8/17/2013 19:32,41.8854833079,-87.6523048564,72,Morgan St & Lake St,251903,2074,Customer
750,1984,Damen Ave & Pierce Ave,41.8854833079,-87.6523048564,72,Morgan St & Lake St,Male,4412,0,Morgan St & Lake St,8/18/2013 13:07,8/18/2013 13:33,41.9093960065,-87.6776919292,65,Damen Ave & Pierce Ave,257584,1568,Subscriber
750,1977,Damen Ave & Pierce Ave,41.9093960065,-87.6776919292,65,Damen Ave & Pierce Ave,Female,0,0,Damen Ave & Pierce Ave,8/18/2013 13:58,8/18/2013 13:59,41.9093960065,-87.6776919292,65,Damen Ave & Pierce Ave,258409,69,Subscriber
750,1981,Larrabee St & Menomonee St,41.9093960065,-87.6776919292,65,Damen Ave & Pierce Ave,Male,3880,0,Damen Ave & Pierce Ave,8/18/2013 14:19,8/18/2013 14:39,41.91468,-87.64332,282,Larrabee St & Menomonee St,258729,1214,Subscriber
750,1965,Sedgwick St & Huron St,41.91468,-87.64332,282,Larrabee St & Menomonee St,Male,3287,0,Larrabee St & Menomonee St,8/18/2013 15:03,8/18/2013 15:14,41.894666,-87.638437,52,Sedgwick St & Huron St,259408,684,Subscriber
750,1977,Daley Center Plaza,41.903233,-87.631253,349,Clark St & Elm St,Male,2273,0,Clark St & Elm St,8/19/2013 6:46,8/19/2013 6:56,41.884337,-87.630183,23,Daley Center Plaza,264528,605,Subscriber
750,1978,Michigan Ave & Lake St,41.884337,-87.630183,23,Daley Center Plaza,Male,1010,0,Daley Center Plaza,8/19/2013 17:40,8/19/2013 17:44,41.8860581151,-87.6242893413,43,Michigan Ave & Lake St,269751,225,Subscriber
750,1961,Theater on the Lake,41.8860581151,-87.6242893413,43,Michigan Ave & Lake St,Male,4772,0,Michigan Ave & Lake St,8/19/2013 18:15,8/19/2013 18:38,41.926277,-87.630834,350,Theater on the Lake,270174,1417,Subscriber
750,1961,Clark St & Waveland Ave,41.926277,-87.630834,350,Theater on the Lake,Male,4093,0,Theater on the Lake,8/19/2013 18:41,8/19/2013 19:11,41.94893,-87.65775,275,Clark St & Waveland Ave,270498,1793,Subscriber
750,,Theater on the Lake,41.94893,-87.65775,275,Clark St & Waveland Ave,,4182,0,Clark St & Waveland Ave,8/19/2013 20:21,8/19/2013 20:41,41.926277,-87.630834,350,Theater on the Lake,271424,1220,Customer
750,1953,Sangamon St & Washington Blvd,41.926277,-87.630834,350,Theater on the Lake,Male,7611,0,Theater on the Lake,8/19/2013 21:35,8/19/2013 21:52,41.883004,-87.651148,409,Sangamon St & Washington Blvd,271808,1033,Subscriber
750,1982,Racine Ave & Belmont Ave,41.883004,-87.651148,409,Sangamon St & Washington Blvd,Male,6966,0,Sangamon St & Washington Blvd,8/20/2013 18:42,8/20/2013 18:45,41.93979,-87.65893,230,Racine Ave & Belmont Ave,278311,197,Subscriber
750,1982,Sangamon St & Washington Blvd,41.93979,-87.65893,230,Racine Ave & Belmont Ave,Male,7124,0,Racine Ave & Belmont Ave,8/21/2013 8:23,8/21/2013 8:25,41.883004,-87.651148,409,Sangamon St & Washington Blvd,281302,122,Subscriber
750,,Lincoln Ave & Armitage Ave,41.94893,-87.65775,275,Clark St & Waveland Ave,,4042,2.0,Clark St & Waveland Ave,8/22/2013 16:55,8/22/2013 17:33,41.918273,-87.638116,146,Lincoln Ave & Armitage Ave,291379,2273,Customer
750,1986,Damen Ave & Leland Ave,41.961626,-87.674101,92,Ravenswood Ave & Montrose Ave,Male,1028,0,Ravenswood Ave & Montrose Ave,8/24/2013 12:46,8/24/2013 12:56,41.967094,-87.679028,93,Damen Ave & Leland Ave,306948,605,Subscriber
750,,Damen Ave & Melrose Ave,41.967094,-87.679028,93,Damen Ave & Leland Ave,,2947,0,Damen Ave & Leland Ave,8/24/2013 13:18,8/24/2013 13:31,41.9406,-87.6785,143,Damen Ave & Melrose Ave,307483,749,Customer
750,,Damen Ave & Wellington Ave,41.9406,-87.6785,143,Damen Ave & Melrose Ave,,536,0,Damen Ave & Melrose Ave,8/24/2013 13:32,8/24/2013 13:35,41.93588,-87.67842,268,Damen Ave & Wellington Ave,307738,190,Customer
750,,California Ave & 21st St,41.93588,-87.67842,268,Damen Ave & Wellington Ave,,9940,0,Damen Ave & Wellington Ave,8/24/2013 14:22,8/24/2013 14:50,41.854016,-87.695445,96,California Ave & 21st St,308630,1650,Customer
750,,Clark St & Wellington Ave,41.9267559875,-87.6344287848,124,Cannon Dr & Fullerton Ave,,2157,0,Cannon Dr & Fullerton Ave,8/24/2013 15:24,8/24/2013 15:38,41.9364968219,-87.6475386582,232,Clark St & Wellington Ave,309800,812,Customer
750,,Theater on the Lake,41.93262,-87.642385,123,Hampden Ct & Diversey Pkwy,,2111,2.0,Hampden Ct & Diversey Pkwy,8/24/2013 16:23,8/24/2013 17:17,41.926277,-87.630834,350,Theater on the Lake,310873,3252,Customer
750,,Clark St & Wellington Ave,41.926277,-87.630834,350,Theater on the Lake,,2539,2.0,Theater on the Lake,8/24/2013 17:25,8/24/2013 18:00,41.9364968219,-87.6475386582,232,Clark St & Wellington Ave,311973,2097,Customer
750,,Clark St & Elm St,41.9364968219,-87.6475386582,232,Clark St & Wellington Ave,,4081,0,Clark St & Wellington Ave,8/24/2013 18:29,8/24/2013 18:58,41.903233,-87.631253,349,Clark St & Elm St,312956,1691,Customer
750,,Halsted St & Dickens Ave,41.89993001,-87.63443007,46,Wells St & Walton St,,3322,0,Wells St & Walton St,8/25/2013 11:45,8/25/2013 12:03,41.919936,-87.64883,192,Halsted St & Dickens Ave,318345,1080,Customer
750,,Cannon Dr & Fullerton Ave,41.919936,-87.64883,192,Halsted St & Dickens Ave,,1888,0,Halsted St & Dickens Ave,8/25/2013 13:30,8/25/2013 13:43,41.9267559875,-87.6344287848,124,Cannon Dr & Fullerton Ave,319861,782,Customer
750,,Southport Ave & Waveland Ave,41.9267559875,-87.6344287848,124,Cannon Dr & Fullerton Ave,,4269,0,Cannon Dr & Fullerton Ave,8/25/2013 14:16,8/25/2013 14:38,41.94815,-87.66394,235,Southport Ave & Waveland Ave,320611,1329,Customer
750,1982,Wabash Ave & Grand Ave,41.8847302006,-87.6277335692,2,State St & Randolph St,Male,945,0,State St & Randolph St,8/25/2013 20:28,8/25/2013 20:34,41.891738,-87.626937,4,Wabash Ave & Grand Ave,325191,384,Subscriber
750,,Michigan Ave & Lake St,41.891738,-87.626937,4,Wabash Ave & Grand Ave,,831,2.0,Wabash Ave & Grand Ave,8/26/2013 5:21,8/26/2013 5:54,41.8860581151,-87.6242893413,43,Michigan Ave & Lake St,326335,1946,Customer
750,1972,Clark St & Randolph St,41.89102,-87.6173,51,McClurg Ct & Illinois St,Male,2084,0,McClurg Ct & Illinois St,8/26/2013 8:12,8/26/2013 8:21,41.884576228,-87.63188991,5,Clark St & Randolph St,327078,518,Subscriber
750,,State St & Erie St,41.884576228,-87.63188991,5,Clark St & Randolph St,,1432,0,Clark St & Randolph St,8/26/2013 10:12,8/26/2013 10:22,41.893975,-87.628623,45,State St & Erie St,327928,614,Customer
750,,Museum Campus,41.893975,-87.628623,45,State St & Erie St,,5167,0,State St & Erie St,8/26/2013 10:54,8/26/2013 11:17,41.865212,-87.617759,29,Museum Campus,328165,1376,Customer
750,,Ellis Ave & 58th St,41.865212,-87.617759,29,Museum Campus,,11960,2.0,Museum Campus,8/26/2013 11:25,8/26/2013 12:10,41.788746,-87.601334,365,Ellis Ave & 58th St,328382,2718,Customer
750,,Lake Shore Dr & Monroe St,41.788746,-87.601334,365,Ellis Ave & 58th St,,13219,0,Ellis Ave & 58th St,8/26/2013 12:13,8/26/2013 12:38,41.88105,-87.61697,300,Lake Shore Dr & Monroe St,328717,1453,Customer
750,,Millennium Park,41.88105,-87.61697,300,Lake Shore Dr & Monroe St,,1108,0,Lake Shore Dr & Monroe St,8/26/2013 12:39,8/26/2013 12:55,41.8810317,-87.62408432,8,Millennium Park,328943,938,Customer
750,,State St & Van Buren St,41.882134,-87.625125,36,Michigan Ave & Madison St,,764,0,Michigan Ave & Madison St,8/27/2013 21:09,8/27/2013 21:32,41.877181,-87.627844,3,State St & Van Buren St,340698,1409,Customer
750,,Columbus Dr & Randolph St,41.877181,-87.627844,3,State St & Van Buren St,,1642,0,State St & Van Buren St,8/27/2013 21:36,8/27/2013 21:57,41.8853,-87.62077,263,Columbus Dr & Randolph St,340801,1284,Customer
750,,Cityfront Plaza & N Water St,41.8853,-87.62077,263,Columbus Dr & Randolph St,,851,0,Columbus Dr & Randolph St,8/27/2013 22:02,8/27/2013 22:25,41.889875,-87.621994,427,Cityfront Plaza & N Water St,340932,1377,Customer
750,,Michigan Ave & Pearson St,41.889875,-87.621994,427,Cityfront Plaza & N Water St,,1235,0,Cityfront Plaza & N Water St,8/27/2013 22:27,8/27/2013 22:43,41.89766,-87.62351,34,Michigan Ave & Pearson St,341021,985,Customer
750,,Michigan Ave & Oak St,41.89766,-87.62351,34,Michigan Ave & Pearson St,,1077,0,Michigan Ave & Pearson St,8/27/2013 22:44,8/27/2013 23:07,41.90096039,-87.62377664,42,Michigan Ave & Oak St,341077,1396,Customer
750,,Fairbanks Ct & Grand Ave,41.90096039,-87.62377664,42,Michigan Ave & Oak St,,2390,0,Michigan Ave & Oak St,8/27/2013 23:09,8/27/2013 23:25,41.89186,-87.62062,262,Fairbanks Ct & Grand Ave,341155,950,Customer
750,1963,Wabash Ave & Grand Ave,41.89384315,-87.64185116,265,Kingsbury St & Erie St,Male,1532,0,Kingsbury St & Erie St,8/28/2013 10:02,8/28/2013 10:16,41.891738,-87.626937,4,Wabash Ave & Grand Ave,342974,792,Subscriber
750,,Streeter Dr & Illinois St,41.891738,-87.626937,4,Wabash Ave & Grand Ave,,1307,0,Wabash Ave & Grand Ave,8/28/2013 15:15,8/28/2013 15:25,41.891071,-87.6122,22,Streeter Dr & Illinois St,344928,589,Customer
750,,Canal St & Jackson Blvd,41.891071,-87.6122,22,Streeter Dr & Illinois St,,4188,0,Streeter Dr & Illinois St,8/28/2013 17:39,8/28/2013 17:59,41.87811421,-87.63997112,138,Canal St & Jackson Blvd,346466,1167,Customer
750,1953,State St & Randolph St,41.87811421,-87.63997112,138,Canal St & Jackson Blvd,Male,1822,0,Canal St & Jackson Blvd,8/29/2013 5:40,8/29/2013 5:48,41.8847302006,-87.6277335692,2,State St & Randolph St,348931,490,Subscriber
750,,Wabash Ave & Roosevelt Rd,41.8847302006,-87.6277335692,2,State St & Randolph St,,2097,0,State St & Randolph St,8/29/2013 7:08,8/29/2013 7:17,41.8671729952,-87.6259550069,31,Wabash Ave & Roosevelt Rd,349179,555,Customer
750,1986,Clinton St & Washington Blvd,41.8671729952,-87.6259550069,31,Wabash Ave & Roosevelt Rd,Male,3286,0,Wabash Ave & Roosevelt Rd,8/29/2013 8:21,8/29/2013 8:32,41.88338,-87.64117,10,Clinton St & Washington Blvd,349744,664,Subscriber
750,1980,Peoria St & Jackson Blvd,41.87923,-87.640015,11,Canal St & Adams St,Male,953,0,Canal St & Adams St,8/29/2013 8:50,8/29/2013 8:54,41.877749,-87.649633,158,Peoria St & Jackson Blvd,350017,253,Subscriber
750,1956,900 W Harrison,41.877749,-87.649633,158,Peoria St & Jackson Blvd,Female,365,0,Peoria St & Jackson Blvd,8/29/2013 9:58,8/29/2013 10:02,41.8745,-87.6498,28,900 W Harrison,350494,215,Subscriber
750,,Franklin St & Lake St,41.8777079559,-87.6353211408,19,Franklin St & Jackson Blvd,,904,0,Franklin St & Jackson Blvd,8/29/2013 16:30,8/29/2013 16:36,41.885837,-87.6355,272,Franklin St & Lake St,353231,353,Customer
750,,Clark St & Wellington Ave,41.885837,-87.6355,272,Franklin St & Lake St,,6225,0,Franklin St & Lake St,8/29/2013 16:38,8/29/2013 17:04,41.9364968219,-87.6475386582,232,Clark St & Wellington Ave,353313,1580,Customer
750,,Western Ave & Leland Ave,41.9364968219,-87.6475386582,232,Clark St & Wellington Ave,,5391,0,Clark St & Wellington Ave,8/30/2013 1:52,8/30/2013 2:11,41.966555,-87.688487,112,Western Ave & Leland Ave,356902,1133,Customer
750,,Fairbanks Ct & Grand Ave,41.90096039,-87.62377664,42,Michigan Ave & Oak St,,2390,2.0,Michigan Ave & Oak St,8/30/2013 15:14,8/30/2013 15:51,41.89186,-87.62062,262,Fairbanks Ct & Grand Ave,361031,2232,Customer
750,,Dearborn Pkwy & Delaware Pl,41.89186,-87.62062,262,Fairbanks Ct & Grand Ave,,1566,0,Fairbanks Ct & Grand Ave,8/30/2013 17:41,8/30/2013 18:08,41.899007,-87.629928,173,Dearborn Pkwy & Delaware Pl,362676,1601,Customer
750,,State St & Harrison St,41.865861,-87.646611,166,Halsted St & James M Rochford St,,2846,0,Halsted St & James M Rochford St,9/1/2013 11:49,9/1/2013 12:16,41.8739580629,-87.6277394859,30,State St & Harrison St,373636,1594,Customer
750,,Clinton St & Washington Blvd,41.902924,-87.637715,172,Orleans St & Elm St,,2790,2.0,Orleans St & Elm St,9/1/2013 19:59,9/1/2013 20:40,41.88338,-87.64117,10,Clinton St & Washington Blvd,382303,2505,Customer
750,,Fairbanks Ct & Grand Ave,41.865212,-87.617759,29,Museum Campus,,4211,0,Museum Campus,9/2/2013 15:33,9/2/2013 15:56,41.89186,-87.62062,262,Fairbanks Ct & Grand Ave,391071,1350,Customer
750,,Dearborn St & Monroe St,41.89186,-87.62062,262,Fairbanks Ct & Grand Ave,,1877,0,Fairbanks Ct & Grand Ave,9/2/2013 16:20,9/2/2013 16:42,41.881319815,-87.6295209193,49,Dearborn St & Monroe St,391982,1286,Customer
750,1988,Desplaines St & Kinzie St,41.881319815,-87.6295209193,49,Dearborn St & Monroe St,Male,2142,0,Dearborn St & Monroe St,9/2/2013 16:53,9/2/2013 17:08,41.888716036,-87.6444478533,39,Desplaines St & Kinzie St,392565,926,Subscriber
750,,Dearborn St & Adams St,41.888716036,-87.6444478533,39,Desplaines St & Kinzie St,,2390,0,Desplaines St & Kinzie St,9/2/2013 18:09,9/2/2013 18:24,41.8793563587,-87.6297910363,20,Dearborn St & Adams St,393647,906,Customer
750,1978,Pine Grove Ave & Addison St,41.8793563587,-87.6297910363,20,Dearborn St & Adams St,Male,8162,0,Dearborn St & Adams St,9/2/2013 19:10,9/2/2013 19:18,41.947836,-87.645416,273,Pine Grove Ave & Addison St,394344,493,Subscriber
750,,Lake Shore Dr & Monroe St,41.947836,-87.645416,273,Pine Grove Ave & Addison St,,9159,0,Pine Grove Ave & Addison St,9/2/2013 19:57,9/2/2013 20:19,41.88105,-87.61697,300,Lake Shore Dr & Monroe St,394719,1320,Customer
750,,Streeter Dr & Illinois St,41.88105,-87.61697,300,Lake Shore Dr & Monroe St,,1455,0,Lake Shore Dr & Monroe St,9/2/2013 21:59,9/2/2013 22:29,41.891071,-87.6122,22,Streeter Dr & Illinois St,395300,1767,Customer
750,,Streeter Dr & Illinois St,41.891071,-87.6122,22,Streeter Dr & Illinois St,,0,6.0,Streeter Dr & Illinois St,9/3/2013 8:45,9/3/2013 10:12,41.891071,-87.6122,22,Streeter Dr & Illinois St,396856,5205,Customer
750,,Millennium Park,41.891071,-87.6122,22,Streeter Dr & Illinois St,,2939,0,Streeter Dr & Illinois St,9/3/2013 10:49,9/3/2013 11:00,41.8810317,-87.62408432,8,Millennium Park,397662,667,Customer
750,,Wentworth Ave & Archer Ave,41.8810317,-87.62408432,8,Millennium Park,,3736,0,Millennium Park,9/3/2013 11:41,9/3/2013 12:01,41.854564,-87.631937,75,Wentworth Ave & Archer Ave,398028,1168,Customer
750,,Canal St & Harrison St,41.854564,-87.631937,75,Wentworth Ave & Archer Ave,,2801,0,Wentworth Ave & Archer Ave,9/3/2013 12:27,9/3/2013 12:49,41.874337,-87.639566,326,Canal St & Harrison St,398372,1324,Customer
750,,Michigan Ave & Congress Pkwy,41.874337,-87.639566,326,Canal St & Harrison St,,1925,0,Canal St & Harrison St,9/3/2013 14:03,9/3/2013 14:14,41.876065599,-87.6244333636,40,Michigan Ave & Congress Pkwy,399131,671,Customer
750,1957,McClurg Ct & Illinois St,41.8793563587,-87.6297910363,20,Dearborn St & Adams St,Male,2328,0,Dearborn St & Adams St,9/3/2013 17:23,9/3/2013 17:35,41.89102,-87.6173,51,McClurg Ct & Illinois St,401163,687,Subscriber
750,,Clarendon Ave & Leland Ave,41.89102,-87.6173,51,McClurg Ct & Illinois St,,10656,2.0,McClurg Ct & Illinois St,9/3/2013 19:32,9/3/2013 20:04,41.967968,-87.650001,385,Clarendon Ave & Leland Ave,402599,1906,Customer
750,1990,Racine Ave & Belmont Ave,41.943739,-87.66402,71,Southport Ave & Roscoe St,Female,978,0,Southport Ave & Roscoe St,9/5/2013 18:45,9/5/2013 18:50,41.93979,-87.65893,230,Racine Ave & Belmont Ave,419282,288,Subscriber
750,,Southport Ave & Wellington Ave,41.93979,-87.65893,230,Racine Ave & Belmont Ave,,828,0,Racine Ave & Belmont Ave,9/5/2013 22:09,9/5/2013 22:12,41.93584,-87.6637,228,Southport Ave & Wellington Ave,420561,209,Customer
750,1979,Ashland Ave & Lake St,41.88338,-87.64117,10,Clinton St & Washington Blvd,Male,2674,0,Clinton St & Washington Blvd,9/6/2013 7:18,9/6/2013 7:30,41.88541,-87.66732,73,Ashland Ave & Lake St,421496,718,Subscriber
750,1966,Ashland Ave & Augusta Blvd,41.88541,-87.66732,73,Ashland Ave & Lake St,Male,2364,0,Ashland Ave & Lake St,9/6/2013 8:14,9/6/2013 8:22,41.899643,-87.6677,248,Ashland Ave & Augusta Blvd,422033,479,Subscriber
750,1987,Clinton St & Lake St,41.899643,-87.6677,248,Ashland Ave & Augusta Blvd,Female,2990,0,Ashland Ave & Augusta Blvd,9/6/2013 8:29,9/6/2013 8:42,41.8858327415,-87.6413823149,21,Clinton St & Lake St,422221,805,Subscriber
750,1968,State St & Kinzie St,41.8858327415,-87.6413823149,21,Clinton St & Lake St,Female,1526,0,Clinton St & Lake St,9/6/2013 8:43,9/6/2013 8:51,41.88918,-87.6277,50,State St & Kinzie St,422360,484,Subscriber
750,1970,Streeter Dr & Illinois St,41.89102,-87.6173,51,McClurg Ct & Illinois St,Male,422,0,McClurg Ct & Illinois St,9/6/2013 13:02,9/6/2013 13:04,41.891071,-87.6122,22,Streeter Dr & Illinois St,424765,123,Subscriber
750,,State St & Randolph St,41.891071,-87.6122,22,Streeter Dr & Illinois St,,2519,0,Streeter Dr & Illinois St,9/6/2013 13:25,9/6/2013 13:48,41.8847302006,-87.6277335692,2,State St & Randolph St,424991,1351,Customer
750,1988,Dearborn Pkwy & Delaware Pl,41.8847302006,-87.6277335692,2,State St & Randolph St,Female,1717,0,State St & Randolph St,9/6/2013 17:34,9/6/2013 17:45,41.899007,-87.629928,173,Dearborn Pkwy & Delaware Pl,428177,607,Subscriber
750,1988,Hampden Ct & Diversey Pkwy,41.899007,-87.629928,173,Dearborn Pkwy & Delaware Pl,Female,4209,0,Dearborn Pkwy & Delaware Pl,9/6/2013 17:45,9/6/2013 18:06,41.93262,-87.642385,123,Hampden Ct & Diversey Pkwy,428273,1243,Subscriber
750,,Michigan Ave & Oak St,41.93262,-87.642385,123,Hampden Ct & Diversey Pkwy,,4668,0,Hampden Ct & Diversey Pkwy,9/6/2013 18:56,9/6/2013 19:15,41.90096039,-87.62377664,42,Michigan Ave & Oak St,429108,1157,Customer
750,,Montrose Harbor,41.911791,-87.631841,128,Clark St & North Ave,,7752,2.0,Clark St & North Ave,9/7/2013 9:50,9/7/2013 10:31,41.963982,-87.638181,388,Montrose Harbor,432420,2425,Customer
750,,Michigan Ave & Oak St,41.963982,-87.638181,388,Montrose Harbor,,8099,2.0,Montrose Harbor,9/7/2013 10:34,9/7/2013 11:07,41.90096039,-87.62377664,42,Michigan Ave & Oak St,432848,2014,Customer
750,,Clark St & Lincoln Ave,41.90096039,-87.62377664,42,Michigan Ave & Oak St,,2300,0,Michigan Ave & Oak St,9/7/2013 11:19,9/7/2013 11:46,41.915689,-87.6346,179,Clark St & Lincoln Ave,433418,1630,Customer
750,,Pine Grove Ave & Addison St,41.947836,-87.645416,273,Pine Grove Ave & Addison St,,0,2.0,Pine Grove Ave & Addison St,9/7/2013 13:17,9/7/2013 14:14,41.947836,-87.645416,273,Pine Grove Ave & Addison St,435189,3409,Customer
750,,Clark St & North Ave,41.947836,-87.645416,273,Pine Grove Ave & Addison St,,4797,0,Pine Grove Ave & Addison St,9/7/2013 14:51,9/7/2013 15:19,41.911791,-87.631841,128,Clark St & North Ave,436783,1631,Customer
750,,Ashland Ave & Division St,41.911791,-87.631841,128,Clark St & North Ave,,3885,0,Clark St & North Ave,9/7/2013 15:23,9/7/2013 15:40,41.903456,-87.66777,61,Ashland Ave & Division St,437269,993,Customer
750,,Wells St & Polk St,41.8671729952,-87.6259550069,31,Wabash Ave & Roosevelt Rd,,1228,0,Wabash Ave & Roosevelt Rd,9/7/2013 23:16,9/7/2013 23:26,41.872373,-87.633523,344,Wells St & Polk St,442042,587,Customer
750,,Clinton St & Roosevelt Rd,41.857556,-87.661535,135,Blue Island Ave & 18th St,,2372,0,Blue Island Ave & 18th St,9/9/2013 14:12,9/9/2013 14:21,41.8671177825,-87.6410879593,327,Clinton St & Roosevelt Rd,454390,510,Customer
750,1977,Daley Center Plaza,41.864059,-87.623727,310,Michigan Ave & 14th St,Female,2997,0,Michigan Ave & 14th St,9/10/2013 8:49,9/10/2013 9:05,41.884337,-87.630183,23,Daley Center Plaza,460095,912,Subscriber
750,,Millennium Park,41.8810317,-87.62408432,8,Millennium Park,,0,2.0,Millennium Park,9/10/2013 13:21,9/10/2013 14:00,41.8810317,-87.62408432,8,Millennium Park,461810,2320,Customer
750,,Millennium Park,41.8810317,-87.62408432,8,Millennium Park,,0,14.0,Millennium Park,9/10/2013 14:29,9/10/2013 16:07,41.8810317,-87.62408432,8,Millennium Park,462236,5881,Customer
750,1973,State St & Harrison St,41.8810317,-87.62408432,8,Millennium Park,Male,1316,0,Millennium Park,9/10/2013 17:13,9/10/2013 17:20,41.8739580629,-87.6277394859,30,State St & Harrison St,463525,403,Subscriber
750,1973,Millennium Park,41.8739580629,-87.6277394859,30,State St & Harrison St,Male,1264,0,State St & Harrison St,9/11/2013 8:27,9/11/2013 8:37,41.8810317,-87.62408432,8,Millennium Park,467576,599,Subscriber
750,1985,Wabash Ave & Grand Ave,41.8777079559,-87.6353211408,19,Franklin St & Jackson Blvd,Male,2348,0,Franklin St & Jackson Blvd,9/12/2013 17:24,9/12/2013 17:40,41.891738,-87.626937,4,Wabash Ave & Grand Ave,479500,950,Subscriber
750,,Michigan Ave & Pearson St,41.891738,-87.626937,4,Wabash Ave & Grand Ave,,1134,6.0,Wabash Ave & Grand Ave,9/12/2013 17:51,9/12/2013 18:52,41.89766,-87.62351,34,Michigan Ave & Pearson St,479949,3651,Customer
750,1977,Damen Ave & Augusta Blvd,41.89766,-87.62351,34,Michigan Ave & Pearson St,Male,5378,0,Michigan Ave & Pearson St,9/12/2013 19:01,9/12/2013 19:23,41.899714,-87.677234,142,Damen Ave & Augusta Blvd,480804,1270,Subscriber
750,1976,Damen Ave & Division St,41.899714,-87.677234,142,Damen Ave & Augusta Blvd,Male,412,0,Damen Ave & Augusta Blvd,9/13/2013 7:03,9/13/2013 7:05,41.90331,-87.67695,136,Damen Ave & Division St,482584,150,Subscriber
750,,Ashland Ave & Division St,41.90331,-87.67695,136,Damen Ave & Division St,,760,0,Damen Ave & Division St,9/13/2013 8:33,9/13/2013 8:36,41.903456,-87.66777,61,Ashland Ave & Division St,483466,195,Customer
750,1973,Franklin St & Lake St,41.903456,-87.66777,61,Ashland Ave & Division St,Male,3652,0,Ashland Ave & Division St,9/13/2013 8:58,9/13/2013 9:16,41.885837,-87.6355,272,Franklin St & Lake St,483716,1095,Subscriber
750,1985,Larrabee St & Kingsbury St,41.885837,-87.6355,272,Franklin St & Lake St,Male,1689,0,Franklin St & Lake St,9/13/2013 9:56,9/13/2013 10:03,41.897764,-87.642884,12,Larrabee St & Kingsbury St,484056,409,Subscriber
750,1980,Sheffield Ave & Kingsbury St,41.897764,-87.642884,12,Larrabee St & Kingsbury St,Female,1943,0,Larrabee St & Kingsbury St,9/13/2013 12:01,9/13/2013 12:08,41.90959193,-87.65349723,154,Sheffield Ave & Kingsbury St,484762,449,Subscriber
750,,Clark St & Lincoln Ave,41.90959193,-87.65349723,154,Sheffield Ave & Kingsbury St,,2649,0,Sheffield Ave & Kingsbury St,9/13/2013 13:33,9/13/2013 13:42,41.915689,-87.6346,179,Clark St & Lincoln Ave,485505,586,Customer
750,,Larrabee St & Webster Ave,41.915689,-87.6346,179,Clark St & Lincoln Ave,,1086,142.0,Clark St & Lincoln Ave,9/13/2013 23:19,9/14/2013 9:18,41.92175,-87.64401,193,Larrabee St & Webster Ave,490219,35948,Customer
750,,Clark St & North Ave,41.92175,-87.64401,193,Larrabee St & Webster Ave,,1735,14.0,Larrabee St & Webster Ave,9/14/2013 12:09,9/14/2013 13:45,41.911791,-87.631841,128,Clark St & North Ave,493324,5766,Customer
750,,Halsted St & 35th St,41.911791,-87.631841,128,Clark St & North Ave,,13026,0,Clark St & North Ave,9/14/2013 13:53,9/14/2013 14:04,41.830661,-87.647172,413,Halsted St & 35th St,495283,645,Customer
750,,Cannon Dr & Fullerton Ave,41.830661,-87.647172,413,Halsted St & 35th St,,14354,2.0,Halsted St & 35th St,9/14/2013 14:07,9/14/2013 14:41,41.9267559875,-87.6344287848,124,Cannon Dr & Fullerton Ave,495603,2038,Customer
750,,McClurg Ct & Illinois St,41.9267559875,-87.6344287848,124,Cannon Dr & Fullerton Ave,,5215,0,Cannon Dr & Fullerton Ave,9/14/2013 16:01,9/14/2013 16:26,41.89102,-87.6173,51,McClurg Ct & Illinois St,497720,1532,Customer
750,,St Clair St & Erie St,41.89102,-87.6173,51,McClurg Ct & Illinois St,,826,0,McClurg Ct & Illinois St,9/14/2013 16:45,9/14/2013 17:06,41.894448,-87.622663,16,St Clair St & Erie St,498460,1289,Customer
750,,Lake Shore Dr & Monroe St,41.894448,-87.622663,16,St Clair St & Erie St,,2445,0,St Clair St & Erie St,9/14/2013 17:51,9/14/2013 18:17,41.88105,-87.61697,300,Lake Shore Dr & Monroe St,499510,1578,Customer
750,,Calumet Ave & 18th St,41.882091,-87.639833,341,Canal St & Madison St,,4598,2.0,Canal St & Madison St,9/15/2013 10:18,9/15/2013 10:54,41.857611,-87.619407,102,Calumet Ave & 18th St,503152,2142,Customer
750,,Wabash Ave & Grand Ave,41.857611,-87.619407,102,Calumet Ave & 18th St,,5674,0,Calumet Ave & 18th St,9/15/2013 14:51,9/15/2013 15:20,41.891738,-87.626937,4,Wabash Ave & Grand Ave,503820,1760,Customer
750,1985,Franklin St & Chicago Ave,41.891738,-87.626937,4,Wabash Ave & Grand Ave,Female,1299,0,Wabash Ave & Grand Ave,9/15/2013 18:36,9/15/2013 18:42,41.89680204,-87.63563839,17,Franklin St & Chicago Ave,504315,375,Subscriber
750,,Greenview Ave & Fullerton Ave,41.89680204,-87.63563839,17,Franklin St & Chicago Ave,,4392,2.0,Franklin St & Chicago Ave,9/15/2013 22:33,9/15/2013 23:04,41.92533,-87.6658,295,Greenview Ave & Fullerton Ave,504821,1842,Customer
750,1983,Sheffield Ave & Fullerton Ave,41.92533,-87.6658,295,Greenview Ave & Fullerton Ave,Male,1366,0,Greenview Ave & Fullerton Ave,9/16/2013 8:11,9/16/2013 8:16,41.9256018819,-87.6537080423,60,Sheffield Ave & Fullerton Ave,505798,254,Subscriber
750,,Claremont Ave & Hirsch St,41.936669,-87.636794,234,Lake Shore Dr & Wellington Ave,,7229,2.0,Lake Shore Dr & Wellington Ave,9/16/2013 14:42,9/16/2013 15:13,41.907781,-87.685854,245,Claremont Ave & Hirsch St,508352,1846,Customer
750,,Racine Ave & Fullerton Ave,41.907781,-87.685854,245,Claremont Ave & Hirsch St,,4574,0,Claremont Ave & Hirsch St,9/16/2013 19:03,9/16/2013 19:19,41.92556258,-87.65840426,189,Racine Ave & Fullerton Ave,511313,972,Customer
750,,Lake Shore Dr & Wellington Ave,41.92556258,-87.65840426,189,Racine Ave & Fullerton Ave,,3084,0,Racine Ave & Fullerton Ave,9/16/2013 19:20,9/16/2013 19:32,41.936669,-87.636794,234,Lake Shore Dr & Wellington Ave,511439,696,Customer
750,1985,Southport Ave & Wellington Ave,41.936669,-87.636794,234,Lake Shore Dr & Wellington Ave,Female,2432,0,Lake Shore Dr & Wellington Ave,9/16/2013 22:51,9/16/2013 23:03,41.93584,-87.6637,228,Southport Ave & Wellington Ave,512366,714,Subscriber
750,,Clinton St & Madison St,41.93584,-87.6637,228,Southport Ave & Wellington Ave,,7722,2.0,Southport Ave & Wellington Ave,9/17/2013 8:12,9/17/2013 8:42,41.8815824,-87.64127743,301,Clinton St & Madison St,513567,1838,Customer
750,1944,State St & Van Buren St,41.8815824,-87.64127743,301,Clinton St & Madison St,Male,1621,0,Clinton St & Madison St,9/17/2013 9:18,9/17/2013 9:27,41.877181,-87.627844,3,State St & Van Buren St,514275,530,Subscriber
750,,Michigan Ave & Pearson St,41.877181,-87.627844,3,State St & Van Buren St,,2978,0,State St & Van Buren St,9/17/2013 11:39,9/17/2013 12:03,41.89766,-87.62351,34,Michigan Ave & Pearson St,515223,1426,Customer
750,,Mies van der Rohe Way & Chicago Ave,41.89766,-87.62351,34,Michigan Ave & Pearson St,,216,0,Michigan Ave & Pearson St,9/17/2013 12:14,9/17/2013 12:16,41.89691,-87.621743,338,Mies van der Rohe Way & Chicago Ave,515508,127,Customer
750,,Dearborn St & Monroe St,41.894448,-87.622663,16,St Clair St & Erie St,,2005,0,St Clair St & Erie St,9/17/2013 13:14,9/17/2013 13:37,41.881319815,-87.6295209193,49,Dearborn St & Monroe St,516047,1331,Customer
750,1973,Sangamon St & Washington Blvd,41.881319815,-87.6295209193,49,Dearborn St & Monroe St,Male,2172,0,Dearborn St & Monroe St,9/17/2013 17:40,9/17/2013 17:50,41.883004,-87.651148,409,Sangamon St & Washington Blvd,518827,567,Subscriber
750,,Lake Shore Dr & Monroe St,41.883004,-87.651148,409,Sangamon St & Washington Blvd,,5278,2.0,Sangamon St & Washington Blvd,9/17/2013 18:25,9/17/2013 19:05,41.88105,-87.61697,300,Lake Shore Dr & Monroe St,519464,2381,Customer
750,,Lake Shore Dr & Monroe St,41.88105,-87.61697,300,Lake Shore Dr & Monroe St,,0,2.0,Lake Shore Dr & Monroe St,9/17/2013 19:20,9/17/2013 19:59,41.88105,-87.61697,300,Lake Shore Dr & Monroe St,519998,2387,Customer
750,,Halsted St & Madison St,41.88105,-87.61697,300,Lake Shore Dr & Monroe St,,3179,0,Lake Shore Dr & Monroe St,9/17/2013 20:02,9/17/2013 20:26,41.88175,-87.6478,159,Halsted St & Madison St,520307,1459,Customer
750,1974,Clark St & Randolph St,41.881487,-87.654752,156,Aberdeen St & Madison St,Male,2838,0,Aberdeen St & Madison St,9/18/2013 8:23,9/18/2013 8:33,41.884576228,-87.63188991,5,Clark St & Randolph St,522492,570,Subscriber
750,1972,Clybourn Ave & Division St,41.88338,-87.64117,10,Clinton St & Washington Blvd,Male,3457,0,Clinton St & Washington Blvd,9/18/2013 12:08,9/18/2013 12:23,41.904509,-87.6405,171,Clybourn Ave & Division St,524094,847,Subscriber
750,,Indiana Ave & Roosevelt Rd,41.8847302006,-87.6277335692,2,State St & Randolph St,,2456,0,State St & Randolph St,9/19/2013 23:36,9/19/2013 23:48,41.867888,-87.623041,309,Indiana Ave & Roosevelt Rd,534353,723,Customer
750,,State St & Randolph St,41.867888,-87.623041,309,Indiana Ave & Roosevelt Rd,,2258,2.0,Indiana Ave & Roosevelt Rd,9/19/2013 23:54,9/20/2013 0:30,41.8847302006,-87.6277335692,2,State St & Randolph St,534393,2171,Customer
750,,LaSalle St & Jackson Blvd,41.8847302006,-87.6277335692,2,State St & Randolph St,,1138,0,State St & Randolph St,9/20/2013 0:34,9/20/2013 0:56,41.87817,-87.631985,32,LaSalle St & Jackson Blvd,534450,1285,Customer
750,,State St & Randolph St,41.87817,-87.631985,32,LaSalle St & Jackson Blvd,,1160,0,LaSalle St & Jackson Blvd,9/20/2013 0:57,9/20/2013 1:12,41.8847302006,-87.6277335692,2,State St & Randolph St,534482,924,Customer
750,1960,Larrabee St & Kingsbury St,41.88338,-87.64117,10,Clinton St & Washington Blvd,Male,2365,0,Clinton St & Washington Blvd,9/20/2013 7:36,9/20/2013 7:45,41.897764,-87.642884,12,Larrabee St & Kingsbury St,535135,588,Subscriber
750,1984,Franklin St & Arcade Pl,41.903233,-87.631253,349,Clark St & Elm St,Male,2825,0,Clark St & Elm St,9/20/2013 8:57,9/20/2013 9:08,41.881131,-87.635185,57,Franklin St & Arcade Pl,536061,711,Subscriber
750,1968,St Clair St & Erie St,41.881131,-87.635185,57,Franklin St & Arcade Pl,Male,2531,0,Franklin St & Arcade Pl,9/20/2013 13:12,9/20/2013 13:26,41.894448,-87.622663,16,St Clair St & Erie St,537999,862,Subscriber
750,1961,Canal St & Madison St,41.894448,-87.622663,16,St Clair St & Erie St,Male,2792,0,St Clair St & Erie St,9/20/2013 15:38,9/20/2013 15:50,41.882091,-87.639833,341,Canal St & Madison St,539272,735,Subscriber
750,1958,Lincoln Ave & Armitage Ave,41.882091,-87.639833,341,Canal St & Madison St,Male,4710,0,Canal St & Madison St,9/20/2013 16:34,9/20/2013 16:56,41.918273,-87.638116,146,Lincoln Ave & Armitage Ave,539936,1355,Subscriber
750,1959,State St & Erie St,41.918273,-87.638116,146,Lincoln Ave & Armitage Ave,Male,3177,0,Lincoln Ave & Armitage Ave,9/21/2013 8:05,9/21/2013 8:16,41.893975,-87.628623,45,State St & Erie St,543929,666,Subscriber
750,1980,Dearborn Pkwy & Delaware Pl,41.893975,-87.628623,45,State St & Erie St,Female,723,0,State St & Erie St,9/21/2013 9:41,9/21/2013 9:45,41.899007,-87.629928,173,Dearborn Pkwy & Delaware Pl,544481,219,Subscriber
750,1988,LaSalle St & Illinois St,41.899007,-87.629928,173,Dearborn Pkwy & Delaware Pl,Male,1390,0,Dearborn Pkwy & Delaware Pl,9/21/2013 11:21,9/21/2013 11:48,41.890749,-87.63206,430,LaSalle St & Illinois St,545588,1601,Subscriber
750,,Millennium Park,41.890749,-87.63206,430,LaSalle St & Illinois St,,1784,0,LaSalle St & Illinois St,9/21/2013 14:28,9/21/2013 14:52,41.8810317,-87.62408432,8,Millennium Park,548879,1441,Customer
750,,Halsted St & Waveland Ave,41.8810317,-87.62408432,8,Millennium Park,,10733,2.0,Millennium Park,9/21/2013 14:57,9/21/2013 15:50,41.949333,-87.649634,325,Halsted St & Waveland Ave,549400,3197,Customer
750,1980,Sheridan Rd & Montrose Ave,41.949333,-87.649634,325,Halsted St & Waveland Ave,Female,1466,0,Halsted St & Waveland Ave,9/22/2013 12:28,9/22/2013 12:35,41.96167,-87.65464,130,Sheridan Rd & Montrose Ave,557722,401,Subscriber
750,1980,Paulina St & Montrose Ave,41.96167,-87.65464,130,Sheridan Rd & Montrose Ave,Female,1390,0,Sheridan Rd & Montrose Ave,9/22/2013 13:00,9/22/2013 13:07,41.961507,-87.671387,250,Paulina St & Montrose Ave,558161,420,Subscriber
750,1969,Southport Ave & Waveland Ave,41.961507,-87.671387,250,Paulina St & Montrose Ave,Male,1970,0,Paulina St & Montrose Ave,9/22/2013 13:41,9/22/2013 13:50,41.94815,-87.66394,235,Southport Ave & Waveland Ave,558850,559,Subscriber
750,1969,Paulina St & Montrose Ave,41.94815,-87.66394,235,Southport Ave & Waveland Ave,Male,1970,0,Southport Ave & Waveland Ave,9/22/2013 14:09,9/22/2013 14:19,41.961507,-87.671387,250,Paulina St & Montrose Ave,559262,606,Subscriber
750,,Clark St & Waveland Ave,41.961507,-87.671387,250,Paulina St & Montrose Ave,,2028,0,Paulina St & Montrose Ave,9/22/2013 15:57,9/22/2013 16:24,41.94893,-87.65775,275,Clark St & Waveland Ave,560948,1634,Customer
750,,Lincoln Ave & Waveland Ave,41.94893,-87.65775,275,Clark St & Waveland Ave,,1796,0,Clark St & Waveland Ave,9/22/2013 16:24,9/22/2013 16:35,41.94911,-87.675112,253,Lincoln Ave & Waveland Ave,561376,635,Customer
750,1975,Southport Ave & Roscoe St,41.94911,-87.675112,253,Lincoln Ave & Waveland Ave,Female,1442,0,Lincoln Ave & Waveland Ave,9/28/2013 14:32,9/28/2013 14:40,41.943739,-87.66402,71,Southport Ave & Roscoe St,618581,488,Subscriber
750,,Clark St & Schiller St,41.943739,-87.66402,71,Southport Ave & Roscoe St,,5097,0,Southport Ave & Roscoe St,9/28/2013 15:40,9/28/2013 16:08,41.907993,-87.631501,200,Clark St & Schiller St,620055,1667,Customer
750,,Wells St & Concord Ln,41.907993,-87.631501,200,Clark St & Schiller St,,775,0,Clark St & Schiller St,9/28/2013 17:14,9/28/2013 17:34,41.912202,-87.634664,182,Wells St & Concord Ln,621970,1227,Customer
750,,McClurg Ct & Illinois St,41.912202,-87.634664,182,Wells St & Concord Ln,,3770,0,Wells St & Concord Ln,9/28/2013 17:43,9/28/2013 18:11,41.89102,-87.6173,51,McClurg Ct & Illinois St,622563,1658,Customer
750,1961,State St & Erie St,41.89384315,-87.64185116,265,Kingsbury St & Erie St,Female,1095,0,Kingsbury St & Erie St,9/29/2013 10:48,9/29/2013 10:55,41.893975,-87.628623,45,State St & Erie St,627593,393,Subscriber
750,1979,Canal St & Jackson Blvd,41.893975,-87.628623,45,State St & Erie St,Male,3006,0,State St & Erie St,9/29/2013 12:31,9/29/2013 12:44,41.87811421,-87.63997112,138,Canal St & Jackson Blvd,629104,760,Subscriber
750,1985,Larrabee St & Kingsbury St,41.87811421,-87.63997112,138,Canal St & Jackson Blvd,Male,2830,0,Canal St & Jackson Blvd,9/30/2013 8:11,9/30/2013 8:27,41.897764,-87.642884,12,Larrabee St & Kingsbury St,637478,987,Subscriber
750,1985,Dayton St & North Ave,41.897764,-87.642884,12,Larrabee St & Kingsbury St,Male,1689,0,Larrabee St & Kingsbury St,9/30/2013 17:04,9/30/2013 17:11,41.9105780349,-87.6494219288,58,Dayton St & North Ave,642440,471,Subscriber
750,,Racine Ave & Fullerton Ave,41.9105780349,-87.6494219288,58,Dayton St & North Ave,,1981,0,Dayton St & North Ave,10/1/2013 12:09,10/1/2013 12:18,41.92556258,-87.65840426,189,Racine Ave & Fullerton Ave,649628,531,Customer
750,,Wells St & Concord Ln,41.92556258,-87.65840426,189,Racine Ave & Fullerton Ave,,2916,0,Racine Ave & Fullerton Ave,10/1/2013 21:42,10/1/2013 22:03,41.912202,-87.634664,182,Wells St & Concord Ln,655566,1214,Customer
750,,Bissell St & Armitage Ave,41.933341,-87.648747,208,Halsted St & Diversey Pkwy,,2036,0,Halsted St & Diversey Pkwy,10/2/2013 17:07,10/2/2013 17:20,41.91844,-87.65222,59,Bissell St & Armitage Ave,662810,782,Customer
750,1989,Ashland Ave & Armitage Ave,41.91844,-87.65222,59,Bissell St & Armitage Ave,Male,1957,0,Bissell St & Armitage Ave,10/3/2013 6:17,10/3/2013 6:24,41.9178588677,-87.668919,25,Ashland Ave & Armitage Ave,666757,407,Subscriber
750,1983,Damen Ave & Chicago Ave,41.9178588677,-87.668919,25,Ashland Ave & Armitage Ave,Male,3168,0,Ashland Ave & Armitage Ave,10/3/2013 8:29,10/3/2013 8:45,41.895769,-87.67722,132,Damen Ave & Chicago Ave,667992,973,Subscriber
750,1988,Damen Ave & Grand Ave,41.895769,-87.67722,132,Damen Ave & Chicago Ave,Male,506,0,Damen Ave & Chicago Ave,10/3/2013 14:42,10/3/2013 14:44,41.89122,-87.67686,141,Damen Ave & Grand Ave,669895,127,Subscriber
750,,Western Ave & Winnebago Ave,41.929567,-87.707857,85,Kedzie Ave & Milwaukee Ave,,2711,0,Kedzie Ave & Milwaukee Ave,10/4/2013 21:40,10/4/2013 22:04,41.915533,-87.687051,68,Western Ave & Winnebago Ave,683558,1425,Customer
750,,California Ave & Division St,41.910652,-87.6824,244,Leavitt St & North Ave,,2096,0,Leavitt St & North Ave,10/5/2013 13:08,10/5/2013 13:36,41.903029,-87.697474,256,California Ave & Division St,688091,1643,Customer
750,,Halsted St & Madison St,41.903029,-87.697474,256,California Ave & Division St,,6230,2.0,California Ave & Division St,10/5/2013 13:38,10/5/2013 14:09,41.88175,-87.6478,159,Halsted St & Madison St,688581,1847,Customer
750,1982,Morgan Ave & 14th Pl,41.88175,-87.6478,159,Halsted St & Madison St,Male,2563,0,Halsted St & Madison St,10/6/2013 17:24,10/6/2013 17:37,41.862378,-87.651062,169,Morgan Ave & 14th Pl,698791,824,Subscriber
750,1984,Morgan Ave & 14th Pl,41.862378,-87.651062,169,Morgan Ave & 14th Pl,Male,0,0,Morgan Ave & 14th Pl,10/6/2013 21:09,10/6/2013 21:18,41.862378,-87.651062,169,Morgan Ave & 14th Pl,699943,497,Subscriber
750,,Michigan Ave & Lake St,41.862378,-87.651062,169,Morgan Ave & 14th Pl,,4848,2.0,Morgan Ave & 14th Pl,10/6/2013 22:04,10/6/2013 22:48,41.8860581151,-87.6242893413,43,Michigan Ave & Lake St,700097,2624,Customer
750,,Museum Campus,41.87923,-87.640015,11,Canal St & Adams St,,4074,0,Canal St & Adams St,10/7/2013 11:23,10/7/2013 11:46,41.865212,-87.617759,29,Museum Campus,702902,1381,Customer
750,1962,Clark St & Congress Pkwy,41.865212,-87.617759,29,Museum Campus,Female,3103,0,Museum Campus,10/7/2013 16:02,10/7/2013 16:16,41.8759326655,-87.6305845355,9,Clark St & Congress Pkwy,705357,825,Subscriber
750,1955,Clark St & Elm St,41.8759326655,-87.6305845355,9,Clark St & Congress Pkwy,Male,3568,0,Clark St & Congress Pkwy,10/7/2013 17:47,10/7/2013 17:59,41.903233,-87.631253,349,Clark St & Elm St,707069,750,Subscriber
750,1964,Streeter Dr & Illinois St,41.903233,-87.631253,349,Clark St & Elm St,Male,3367,0,Clark St & Elm St,10/7/2013 18:59,10/7/2013 19:11,41.891071,-87.6122,22,Streeter Dr & Illinois St,708007,756,Subscriber
750,1976,Theater on the Lake,41.891071,-87.6122,22,Streeter Dr & Illinois St,Male,4714,0,Streeter Dr & Illinois St,10/7/2013 21:23,10/7/2013 21:37,41.926277,-87.630834,350,Theater on the Lake,708999,809,Subscriber
750,,Streeter Dr & Illinois St,41.926277,-87.630834,350,Theater on the Lake,,4969,2.0,Theater on the Lake,10/8/2013 10:30,10/8/2013 11:15,41.891071,-87.6122,22,Streeter Dr & Illinois St,711991,2735,Customer
750,,Museum Campus,41.891071,-87.6122,22,Streeter Dr & Illinois St,,4119,0,Streeter Dr & Illinois St,10/8/2013 11:35,10/8/2013 12:03,41.865212,-87.617759,29,Museum Campus,712480,1683,Customer
750,,Museum Campus,41.865212,-87.617759,29,Museum Campus,,0,0,Museum Campus,10/8/2013 12:05,10/8/2013 12:34,41.865212,-87.617759,29,Museum Campus,712746,1785,Customer
750,,Lake Shore Dr & Monroe St,41.865212,-87.617759,29,Museum Campus,,2229,0,Museum Campus,10/8/2013 13:20,10/8/2013 13:37,41.88105,-87.61697,300,Lake Shore Dr & Monroe St,713357,1007,Customer
750,,Fairbanks Ct & Grand Ave,41.88105,-87.61697,300,Lake Shore Dr & Monroe St,,1982,0,Lake Shore Dr & Monroe St,10/8/2013 13:41,10/8/2013 14:09,41.89186,-87.62062,262,Fairbanks Ct & Grand Ave,713561,1701,Customer
750,,Streeter Dr & Illinois St,41.89186,-87.62062,262,Fairbanks Ct & Grand Ave,,795,0,Fairbanks Ct & Grand Ave,10/8/2013 14:14,10/8/2013 14:24,41.891071,-87.6122,22,Streeter Dr & Illinois St,713877,600,Customer
750,,Museum Campus,41.891071,-87.6122,22,Streeter Dr & Illinois St,,4119,0,Streeter Dr & Illinois St,10/8/2013 15:07,10/8/2013 15:25,41.865212,-87.617759,29,Museum Campus,714343,1082,Customer
750,,Shore Drive & 55th St,41.865212,-87.617759,29,Museum Campus,,9261,2.0,Museum Campus,10/8/2013 15:33,10/8/2013 16:11,41.795212,-87.580715,361,Shore Drive & 55th St,714619,2287,Customer
750,,Lake Shore Dr & Monroe St,41.795212,-87.580715,361,Shore Drive & 55th St,,10967,2.0,Shore Drive & 55th St,10/8/2013 16:33,10/8/2013 17:18,41.88105,-87.61697,300,Lake Shore Dr & Monroe St,715307,2709,Customer
750,,State St & Erie St,41.88105,-87.61697,300,Lake Shore Dr & Monroe St,,3088,0,Lake Shore Dr & Monroe St,10/8/2013 17:23,10/8/2013 17:40,41.893975,-87.628623,45,State St & Erie St,716284,986,Customer
750,1980,Clark St & Congress Pkwy,41.893975,-87.628623,45,State St & Erie St,Male,2306,0,State St & Erie St,10/9/2013 16:39,10/9/2013 16:50,41.8759326655,-87.6305845355,9,Clark St & Congress Pkwy,726074,644,Subscriber
750,1986,Clark St & Randolph St,41.889875,-87.621994,427,Cityfront Plaza & N Water St,Male,1826,0,Cityfront Plaza & N Water St,10/10/2013 7:26,10/10/2013 7:31,41.884576228,-87.63188991,5,Clark St & Randolph St,730974,280,Subscriber
750,,Wells St & Evergreen Ave,41.912202,-87.634664,182,Wells St & Concord Ln,,634,2.0,Wells St & Concord Ln,10/10/2013 12:36,10/10/2013 13:10,41.906724,-87.63483,302,Wells St & Evergreen Ave,734099,2064,Customer
750,,Clark St & Chicago Ave,41.906724,-87.63483,302,Wells St & Evergreen Ave,,1416,2.0,Wells St & Evergreen Ave,10/10/2013 13:37,10/10/2013 14:08,41.896544,-87.630931,303,Clark St & Chicago Ave,734720,1824,Customer
750,1986,Millennium Park,41.896544,-87.630931,303,Clark St & Chicago Ave,Male,2357,0,Clark St & Chicago Ave,10/10/2013 17:00,10/10/2013 17:12,41.8810317,-87.62408432,8,Millennium Park,737178,723,Subscriber
750,1977,Millennium Park,41.842052,-87.617,214,Martin Luther King Dr & 29th St,Male,5642,0,Martin Luther King Dr & 29th St,10/11/2013 7:53,10/11/2013 8:12,41.8810317,-87.62408432,8,Millennium Park,742608,1190,Subscriber
750,,Streeter Dr & Illinois St,41.8810317,-87.62408432,8,Millennium Park,,2194,0,Millennium Park,10/11/2013 10:07,10/11/2013 10:23,41.891071,-87.6122,22,Streeter Dr & Illinois St,744220,963,Customer
750,,Museum Campus,41.891071,-87.6122,22,Streeter Dr & Illinois St,,4119,0,Streeter Dr & Illinois St,10/11/2013 11:29,10/11/2013 11:49,41.865212,-87.617759,29,Museum Campus,745073,1183,Customer
750,,Wabash Ave & Roosevelt Rd,41.87785,-87.62408,340,Michigan Ave & Jackson Blvd,,1434,2.0,Michigan Ave & Jackson Blvd,10/11/2013 13:43,10/11/2013 14:30,41.8671729952,-87.6259550069,31,Wabash Ave & Roosevelt Rd,746952,2795,Customer
750,,State St & Harrison St,41.8671729952,-87.6259550069,31,Wabash Ave & Roosevelt Rd,,988,2.0,Wabash Ave & Roosevelt Rd,10/11/2013 14:50,10/11/2013 15:31,41.8739580629,-87.6277394859,30,State St & Harrison St,747902,2511,Customer
750,,Morgan St & Lake St,41.8739580629,-87.6277394859,30,State St & Harrison St,,3712,0,State St & Harrison St,10/11/2013 17:42,10/11/2013 18:01,41.8854833079,-87.6523048564,72,Morgan St & Lake St,751297,1175,Customer
750,1969,Aberdeen St & Jackson Blvd,41.8854833079,-87.6523048564,72,Morgan St & Lake St,Male,1480,0,Morgan St & Lake St,10/11/2013 18:07,10/11/2013 18:14,41.87772613,-87.65478743,157,Aberdeen St & Jackson Blvd,751781,403,Subscriber
750,1977,Damen Ave & Augusta Blvd,41.8854833079,-87.6523048564,72,Morgan St & Lake St,Female,3661,0,Morgan St & Lake St,10/11/2013 18:40,10/11/2013 18:55,41.899714,-87.677234,142,Damen Ave & Augusta Blvd,752261,915,Subscriber
750,1982,Logan Blvd & Elston Ave,41.899714,-87.677234,142,Damen Ave & Augusta Blvd,Male,3714,0,Damen Ave & Augusta Blvd,10/11/2013 20:27,10/11/2013 20:42,41.930584,-87.685126,145,Logan Blvd & Elston Ave,753333,890,Subscriber
750,,Lake Shore Dr & Monroe St,41.8671729952,-87.6259550069,31,Wabash Ave & Roosevelt Rd,,2454,2.0,Wabash Ave & Roosevelt Rd,10/12/2013 14:33,10/12/2013 15:27,41.88105,-87.61697,300,Lake Shore Dr & Monroe St,760453,3214,Customer
750,,Streeter Dr & Illinois St,41.88105,-87.61697,300,Lake Shore Dr & Monroe St,,1455,0,Lake Shore Dr & Monroe St,10/12/2013 15:32,10/12/2013 15:43,41.891071,-87.6122,22,Streeter Dr & Illinois St,761413,700,Customer
750,,Streeter Dr & Illinois St,41.891071,-87.6122,22,Streeter Dr & Illinois St,,0,0,Streeter Dr & Illinois St,10/12/2013 15:58,10/12/2013 16:25,41.891071,-87.6122,22,Streeter Dr & Illinois St,761820,1576,Customer
750,,Clinton St & Roosevelt Rd,41.889875,-87.621994,427,Cityfront Plaza & N Water St,,5985,0,Cityfront Plaza & N Water St,10/12/2013 20:36,10/12/2013 21:01,41.8671177825,-87.6410879593,327,Clinton St & Roosevelt Rd,764912,1480,Customer
750,1963,Halsted St & 18th St,41.8671177825,-87.6410879593,327,Clinton St & Roosevelt Rd,Male,1822,0,Clinton St & Roosevelt Rd,10/13/2013 9:52,10/13/2013 9:59,41.857499,-87.646277,99,Halsted St & 18th St,767753,397,Subscriber
750,,State St & 19th St,41.857499,-87.646277,99,Halsted St & 18th St,,1665,2.0,Halsted St & 18th St,10/13/2013 10:27,10/13/2013 11:17,41.856594,-87.627542,408,State St & 19th St,768254,2982,Customer
750,,Dearborn St & Monroe St,41.856594,-87.627542,408,State St & 19th St,,3509,0,State St & 19th St,10/13/2013 11:41,10/13/2013 11:58,41.881319815,-87.6295209193,49,Dearborn St & Monroe St,769641,1031,Customer
750,1985,Loomis St & Jackson Blvd,41.881319815,-87.6295209193,49,Dearborn St & Monroe St,Female,3356,0,Dearborn St & Monroe St,10/13/2013 15:50,10/13/2013 16:03,41.877945,-87.662007,206,Loomis St & Jackson Blvd,773823,788,Subscriber
750,1969,Wood St & Division St,41.877945,-87.662007,206,Loomis St & Jackson Blvd,Male,3668,0,Loomis St & Jackson Blvd,10/13/2013 17:07,10/13/2013 17:22,41.90332,-87.67273,246,Wood St & Division St,775058,886,Subscriber
750,,State St & Erie St,41.90332,-87.67273,246,Wood St & Division St,,4719,0,Wood St & Division St,10/13/2013 17:29,10/13/2013 17:51,41.893975,-87.628623,45,State St & Erie St,775352,1306,Customer
750,,Wabash Ave & Grand Ave,41.893975,-87.628623,45,State St & Erie St,,437,6.0,State St & Erie St,10/13/2013 18:02,10/13/2013 19:18,41.891738,-87.626937,4,Wabash Ave & Grand Ave,775824,4555,Customer
750,,Clinton St & Lake St,41.88105,-87.61697,300,Lake Shore Dr & Monroe St,,3945,2.0,Lake Shore Dr & Monroe St,10/13/2013 21:02,10/13/2013 21:48,41.8858327415,-87.6413823149,21,Clinton St & Lake St,777075,2763,Customer
750,1975,State St & 16th St,41.8858327415,-87.6413823149,21,Clinton St & Lake St,Male,4004,0,Clinton St & Lake St,10/14/2013 7:37,10/14/2013 7:52,41.8601213774,-87.6277291853,148,State St & 16th St,778204,894,Subscriber
750,1975,Dearborn St & Monroe St,41.8601213774,-87.6277291853,148,State St & 16th St,Male,2790,0,State St & 16th St,10/14/2013 9:00,10/14/2013 9:10,41.881319815,-87.6295209193,49,Dearborn St & Monroe St,779113,593,Subscriber
750,,Millennium Park,41.881319815,-87.6295209193,49,Dearborn St & Monroe St,,519,0,Dearborn St & Monroe St,10/14/2013 10:50,10/14/2013 11:01,41.8810317,-87.62408432,8,Millennium Park,780047,650,Customer
750,,Millennium Park,41.8810317,-87.62408432,8,Millennium Park,,0,0,Millennium Park,10/14/2013 17:14,10/14/2013 17:18,41.8810317,-87.62408432,8,Millennium Park,785004,241,Customer
750,1977,Clark St & North Ave,41.8810317,-87.62408432,8,Millennium Park,Male,3971,0,Millennium Park,10/14/2013 18:53,10/14/2013 19:11,41.911791,-87.631841,128,Clark St & North Ave,786547,1120,Subscriber
750,,Franklin St & Chicago Ave,41.911791,-87.631841,128,Clark St & North Ave,,2032,0,Clark St & North Ave,10/14/2013 21:06,10/14/2013 21:14,41.89680204,-87.63563839,17,Franklin St & Chicago Ave,787543,502,Customer
750,1968,Mies van der Rohe Way & Chicago Ave,41.89680204,-87.63563839,17,Franklin St & Chicago Ave,Male,1317,0,Franklin St & Chicago Ave,10/14/2013 22:11,10/14/2013 22:17,41.89691,-87.621743,338,Mies van der Rohe Way & Chicago Ave,787823,348,Subscriber
750,1984,Damen Ave & Pierce Ave,41.89691,-87.621743,338,Mies van der Rohe Way & Chicago Ave,Female,5965,0,Mies van der Rohe Way & Chicago Ave,10/14/2013 23:26,10/14/2013 23:50,41.9093960065,-87.6776919292,65,Damen Ave & Pierce Ave,788041,1454,Subscriber
750,,Clark St & Elm St,41.9093960065,-87.6776919292,65,Damen Ave & Pierce Ave,,4269,0,Damen Ave & Pierce Ave,10/15/2013 19:24,10/15/2013 19:51,41.903233,-87.631253,349,Clark St & Elm St,794924,1618,Customer
750,,State St & Erie St,41.903233,-87.631253,349,Clark St & Elm St,,1234,0,Clark St & Elm St,10/15/2013 20:31,10/15/2013 20:38,41.893975,-87.628623,45,State St & Erie St,795320,403,Customer
750,1984,Franklin St & Arcade Pl,41.893975,-87.628623,45,State St & Erie St,Male,2098,0,State St & Erie St,10/16/2013 7:07,10/16/2013 7:16,41.881131,-87.635185,57,Franklin St & Arcade Pl,796483,489,Subscriber
750,1981,Clinton St & Washington Blvd,41.884576228,-87.63188991,5,Clark St & Randolph St,Male,892,0,Clark St & Randolph St,10/16/2013 17:37,10/16/2013 17:42,41.88338,-87.64117,10,Clinton St & Washington Blvd,801869,300,Subscriber
750,,Michigan Ave & Oak St,41.884576228,-87.63188991,5,Clark St & Randolph St,,2595,0,Clark St & Randolph St,10/16/2013 19:57,10/16/2013 20:20,41.90096039,-87.62377664,42,Michigan Ave & Oak St,803314,1350,Customer
750,1974,Damen Ave & Division St,41.90096039,-87.62377664,42,Michigan Ave & Oak St,Male,4791,0,Michigan Ave & Oak St,10/17/2013 16:58,10/17/2013 17:17,41.90331,-87.67695,136,Damen Ave & Division St,806757,1164,Subscriber
750,1989,Damen Ave & Division St,41.89122,-87.67686,141,Damen Ave & Grand Ave,Male,1357,0,Damen Ave & Grand Ave,10/20/2013 18:27,10/20/2013 18:32,41.90331,-87.67695,136,Damen Ave & Division St,830007,278,Subscriber
750,,Kedzie Ave & Milwaukee Ave,41.90331,-87.67695,136,Damen Ave & Division St,,4120,0,Damen Ave & Division St,10/20/2013 18:41,10/20/2013 18:58,41.929567,-87.707857,85,Kedzie Ave & Milwaukee Ave,830099,1005,Customer
750,1975,Canal St & Adams St,41.8853,-87.62077,263,Columbus Dr & Randolph St,Male,2255,0,Columbus Dr & Randolph St,10/22/2013 14:53,10/22/2013 15:02,41.87923,-87.640015,11,Canal St & Adams St,841466,567,Subscriber
750,1986,Damen Ave & Charleston St,41.87923,-87.640015,11,Canal St & Adams St,Male,6339,0,Canal St & Adams St,10/22/2013 22:39,10/22/2013 23:08,41.920082,-87.677855,288,Damen Ave & Charleston St,844178,1699,Subscriber
750,1960,Sheffield Ave & Kingsbury St,41.88283,-87.661206,353,Ada St & Washington Blvd,Male,4559,0,Ada St & Washington Blvd,10/24/2013 8:21,10/24/2013 8:40,41.90959193,-87.65349723,154,Sheffield Ave & Kingsbury St,851684,1170,Subscriber
750,,Ashland Ave & Division St,41.90959193,-87.65349723,154,Sheffield Ave & Kingsbury St,,2763,0,Sheffield Ave & Kingsbury St,10/24/2013 15:30,10/24/2013 15:41,41.903456,-87.66777,61,Ashland Ave & Division St,854105,641,Customer
750,,Wells St & Walton St,41.903456,-87.66777,61,Ashland Ave & Division St,,3190,2.0,Ashland Ave & Division St,10/24/2013 17:16,10/24/2013 17:51,41.89993001,-87.63443007,46,Wells St & Walton St,855016,2116,Customer
750,,Ashland Ave & Division St,41.89993001,-87.63443007,46,Wells St & Walton St,,3190,0,Wells St & Walton St,10/24/2013 18:08,10/24/2013 18:26,41.903456,-87.66777,61,Ashland Ave & Division St,855625,1099,Customer
750,1984,Damen Ave & Augusta Blvd,41.903456,-87.66777,61,Ashland Ave & Division St,Male,1172,0,Ashland Ave & Division St,10/24/2013 22:28,10/24/2013 22:34,41.899714,-87.677234,142,Damen Ave & Augusta Blvd,856833,342,Subscriber
750,1976,Damen Ave & Division St,41.899714,-87.677234,142,Damen Ave & Augusta Blvd,Male,412,0,Damen Ave & Augusta Blvd,10/26/2013 12:59,10/26/2013 13:00,41.90331,-87.67695,136,Damen Ave & Division St,865810,96,Subscriber
750,,Leavitt St & Armitage Ave,41.90331,-87.67695,136,Damen Ave & Division St,,2069,0,Damen Ave & Division St,10/26/2013 16:27,10/26/2013 16:35,41.917805,-87.682437,286,Leavitt St & Armitage Ave,867779,471,Customer
750,1981,Damen Ave & Charleston St,41.917805,-87.682437,286,Leavitt St & Armitage Ave,Female,825,0,Leavitt St & Armitage Ave,10/28/2013 17:04,10/28/2013 17:09,41.920082,-87.677855,288,Damen Ave & Charleston St,879630,266,Subscriber
750,1986,Wood St & Milwaukee Ave,41.920082,-87.677855,288,Damen Ave & Charleston St,Male,1914,0,Damen Ave & Charleston St,10/28/2013 20:00,10/28/2013 20:13,41.907655,-87.672552,221,Wood St & Milwaukee Ave,881308,799,Subscriber
750,1990,Ashland Ave & Armitage Ave,41.907655,-87.672552,221,Wood St & Milwaukee Ave,Male,1450,0,Wood St & Milwaukee Ave,10/29/2013 6:31,10/29/2013 6:38,41.9178588677,-87.668919,25,Ashland Ave & Armitage Ave,882075,423,Subscriber
750,,Clinton St & Washington Blvd,41.9178588677,-87.668919,25,Ashland Ave & Armitage Ave,,5465,2.0,Ashland Ave & Armitage Ave,10/29/2013 16:56,10/29/2013 17:42,41.88338,-87.64117,10,Clinton St & Washington Blvd,886293,2800,Customer
750,,Streeter Dr & Illinois St,41.884337,-87.630183,23,Daley Center Plaza,,2211,0,Daley Center Plaza,10/30/2013 9:32,10/30/2013 9:55,41.891071,-87.6122,22,Streeter Dr & Illinois St,891227,1364,Customer
750,,Adler Planetarium,41.865212,-87.617759,29,Museum Campus,,1106,0,Museum Campus,10/30/2013 16:00,10/30/2013 16:14,41.866095,-87.607267,431,Adler Planetarium,893279,869,Customer
750,,Stetson Ave & South Water St,41.866095,-87.607267,431,Adler Planetarium,,4297,2.0,Adler Planetarium,10/30/2013 16:21,10/30/2013 16:56,41.886861,-87.622694,48,Stetson Ave & South Water St,893387,2106,Customer
750,1974,Canal St & Jackson Blvd,41.886861,-87.622694,48,Stetson Ave & South Water St,Male,3184,0,Stetson Ave & South Water St,11/1/2013 14:53,11/1/2013 15:02,41.87811421,-87.63997112,138,Canal St & Jackson Blvd,901703,549,Subscriber
750,1982,State St & Kinzie St,41.881319815,-87.6295209193,49,Dearborn St & Monroe St,Male,1033,0,Dearborn St & Monroe St,11/1/2013 17:26,11/1/2013 17:31,41.88918,-87.6277,50,State St & Kinzie St,903203,305,Subscriber
750,1982,May St & Fulton St,41.88918,-87.6277,50,State St & Kinzie St,Male,2598,0,State St & Kinzie St,11/2/2013 10:36,11/2/2013 10:45,41.886773,-87.656001,197,May St & Fulton St,905413,523,Subscriber
750,1978,Larrabee St & Kingsbury St,41.886773,-87.656001,197,May St & Fulton St,Male,2311,0,May St & Fulton St,11/4/2013 7:13,11/4/2013 7:21,41.897764,-87.642884,12,Larrabee St & Kingsbury St,915574,485,Subscriber
750,1976,Sheffield Ave & Willow St,41.907993,-87.631501,200,Clark St & Schiller St,Male,2751,0,Clark St & Schiller St,11/4/2013 8:48,11/4/2013 8:57,41.913688,-87.652855,190,Sheffield Ave & Willow St,916740,560,Subscriber
750,1954,Clark St & Schiller St,41.913688,-87.652855,190,Sheffield Ave & Willow St,Male,2454,0,Sheffield Ave & Willow St,11/4/2013 9:01,11/4/2013 9:12,41.907993,-87.631501,200,Clark St & Schiller St,916863,674,Subscriber
750,1981,LaSalle St & Washington St,41.907993,-87.631501,200,Clark St & Schiller St,Male,2965,0,Clark St & Schiller St,11/4/2013 9:52,11/4/2013 10:10,41.882664,-87.63253,6,LaSalle St & Washington St,917208,1073,Subscriber
750,1984,Kingsbury St & Erie St,41.882664,-87.63253,6,LaSalle St & Washington St,Male,1775,0,LaSalle St & Washington St,11/4/2013 17:23,11/4/2013 17:31,41.89384315,-87.64185116,265,Kingsbury St & Erie St,920380,445,Subscriber
750,1973,Dayton St & North Ave,41.89384315,-87.64185116,265,Kingsbury St & Erie St,Male,2211,0,Kingsbury St & Erie St,11/4/2013 18:15,11/4/2013 18:24,41.9105780349,-87.6494219288,58,Dayton St & North Ave,920982,520,Subscriber
750,1976,Lincoln Ave & Diversey Pkwy,41.9105780349,-87.6494219288,58,Dayton St & North Ave,Male,2723,0,Dayton St & North Ave,11/4/2013 20:13,11/4/2013 20:24,41.932225,-87.658617,226,Lincoln Ave & Diversey Pkwy,921805,672,Subscriber
750,1976,Wilton Ave & Diversey Pkwy,41.932225,-87.658617,226,Lincoln Ave & Diversey Pkwy,Male,1097,0,Lincoln Ave & Diversey Pkwy,11/5/2013 8:55,11/5/2013 8:57,41.93250008,-87.65268082,66,Wilton Ave & Diversey Pkwy,924249,111,Subscriber
750,1965,Clark St & Wellington Ave,41.93250008,-87.65268082,66,Wilton Ave & Diversey Pkwy,Male,1225,0,Wilton Ave & Diversey Pkwy,11/5/2013 14:09,11/5/2013 14:18,41.9364968219,-87.6475386582,232,Clark St & Wellington Ave,926024,553,Subscriber
750,1965,Broadway & Barry Ave,41.9364968219,-87.6475386582,232,Clark St & Wellington Ave,Male,414,0,Clark St & Wellington Ave,11/5/2013 14:29,11/5/2013 14:31,41.937739,-87.644094,137,Broadway & Barry Ave,926120,149,Subscriber
750,1988,Pine Grove Ave & Addison St,41.937739,-87.644094,137,Broadway & Barry Ave,Female,1289,0,Broadway & Barry Ave,11/6/2013 19:32,11/6/2013 19:39,41.947836,-87.645416,273,Pine Grove Ave & Addison St,933084,426,Subscriber
750,1987,Damen Ave & Wellington Ave,41.947836,-87.645416,273,Pine Grove Ave & Addison St,Male,3990,0,Pine Grove Ave & Addison St,11/7/2013 14:28,11/7/2013 14:44,41.93588,-87.67842,268,Damen Ave & Wellington Ave,937194,938,Subscriber
750,1987,Damen Ave & Pierce Ave,41.93588,-87.67842,268,Damen Ave & Wellington Ave,Male,2995,0,Damen Ave & Wellington Ave,11/7/2013 14:44,11/7/2013 14:57,41.9093960065,-87.6776919292,65,Damen Ave & Pierce Ave,937291,732,Subscriber
750,1985,Damen Ave & Chicago Ave,41.9093960065,-87.6776919292,65,Damen Ave & Pierce Ave,Female,1535,0,Damen Ave & Pierce Ave,11/7/2013 18:38,11/7/2013 18:45,41.895769,-87.67722,132,Damen Ave & Chicago Ave,939197,392,Subscriber
750,1979,Damen Ave & Division St,41.895769,-87.67722,132,Damen Ave & Chicago Ave,Female,851,0,Damen Ave & Chicago Ave,11/8/2013 15:55,11/8/2013 16:00,41.90331,-87.67695,136,Damen Ave & Division St,944236,291,Subscriber
750,1980,Leavitt St & North Ave,41.90331,-87.67695,136,Damen Ave & Division St,Male,1353,0,Damen Ave & Division St,11/9/2013 17:42,11/9/2013 17:52,41.910652,-87.6824,244,Leavitt St & North Ave,952547,578,Subscriber
750,,California Ave & Milwaukee Ave,41.910652,-87.6824,244,Leavitt St & North Ave,,1912,0,Leavitt St & North Ave,11/9/2013 20:22,11/9/2013 20:35,41.922695,-87.697153,84,California Ave & Milwaukee Ave,953358,808,Customer
750,1981,Milwaukee Ave & Rockwell St,41.929567,-87.707857,85,Kedzie Ave & Milwaukee Ave,Male,1603,0,Kedzie Ave & Milwaukee Ave,11/10/2013 12:33,11/10/2013 12:38,41.920195,-87.693033,242,Milwaukee Ave & Rockwell St,955750,305,Subscriber
750,1981,Stave St & Armitage Ave,41.920195,-87.693033,242,Milwaukee Ave & Rockwell St,Male,456,0,Milwaukee Ave & Rockwell St,11/10/2013 16:41,11/10/2013 16:43,41.917741,-87.691392,266,Stave St & Armitage Ave,957966,139,Subscriber
750,1981,Milwaukee Ave & Rockwell St,41.929567,-87.707857,85,Kedzie Ave & Milwaukee Ave,Male,1603,0,Kedzie Ave & Milwaukee Ave,11/11/2013 7:54,11/11/2013 8:00,41.920195,-87.693033,242,Milwaukee Ave & Rockwell St,959933,364,Subscriber
750,1981,Damen Ave & Pierce Ave,41.920195,-87.693033,242,Milwaukee Ave & Rockwell St,Male,2008,0,Milwaukee Ave & Rockwell St,11/13/2013 12:49,11/13/2013 12:55,41.9093960065,-87.6776919292,65,Damen Ave & Pierce Ave,970272,340,Subscriber
750,1981,Milwaukee Ave & Rockwell St,41.9093960065,-87.6776919292,65,Damen Ave & Pierce Ave,Male,1826,0,Damen Ave & Pierce Ave,11/13/2013 13:10,11/13/2013 13:16,41.920195,-87.693033,242,Milwaukee Ave & Rockwell St,970373,369,Subscriber
750,1981,Milwaukee Ave & Rockwell St,41.929567,-87.707857,85,Kedzie Ave & Milwaukee Ave,Male,1603,0,Kedzie Ave & Milwaukee Ave,11/15/2013 7:52,11/15/2013 7:58,41.920195,-87.693033,242,Milwaukee Ave & Rockwell St,979303,337,Subscriber
750,1981,Kedzie Ave & Milwaukee Ave,41.920195,-87.693033,242,Milwaukee Ave & Rockwell St,Male,1603,0,Milwaukee Ave & Rockwell St,11/15/2013 13:20,11/15/2013 13:25,41.929567,-87.707857,85,Kedzie Ave & Milwaukee Ave,981471,275,Subscriber
750,,Damen Ave & Leland Ave,41.922695,-87.697153,84,California Ave & Milwaukee Ave,,7307,0,California Ave & Milwaukee Ave,11/15/2013 17:46,11/15/2013 18:07,41.967094,-87.679028,93,Damen Ave & Leland Ave,983457,1244,Customer
750,,Clifton Ave & Lawrence Ave,41.967094,-87.679028,93,Damen Ave & Leland Ave,,1910,0,Damen Ave & Leland Ave,11/15/2013 18:09,11/15/2013 18:19,41.968873,-87.658857,104,Clifton Ave & Lawrence Ave,983644,614,Customer
750,,Lincoln Ave & Waveland Ave,41.968873,-87.658857,104,Clifton Ave & Lawrence Ave,,4202,0,Clifton Ave & Lawrence Ave,11/17/2013 14:06,11/17/2013 14:22,41.94911,-87.675112,253,Lincoln Ave & Waveland Ave,989731,946,Customer
750,1971,Clark St & Lincoln Ave,41.94911,-87.675112,253,Lincoln Ave & Waveland Ave,Male,5086,0,Lincoln Ave & Waveland Ave,11/18/2013 6:40,11/18/2013 6:59,41.915689,-87.6346,179,Clark St & Lincoln Ave,990981,1125,Subscriber
750,1971,State St & Kinzie St,41.915689,-87.6346,179,Clark St & Lincoln Ave,Male,3279,0,Clark St & Lincoln Ave,11/18/2013 6:59,11/18/2013 7:14,41.88918,-87.6277,50,State St & Kinzie St,991052,878,Subscriber
750,1984,Franklin St & Lake St,41.89993001,-87.63443007,46,Wells St & Walton St,Female,1997,0,Wells St & Walton St,11/25/2013 17:04,11/25/2013 17:14,41.885837,-87.6355,272,Franklin St & Lake St,1022209,597,Subscriber
750,1959,Clinton St & Washington Blvd,41.885837,-87.6355,272,Franklin St & Lake St,Male,994,0,Franklin St & Lake St,11/25/2013 17:53,11/25/2013 17:56,41.88338,-87.64117,10,Clinton St & Washington Blvd,1022545,197,Subscriber
750,1984,Dearborn St & Adams St,41.88338,-87.64117,10,Clinton St & Washington Blvd,Male,1470,0,Clinton St & Washington Blvd,11/26/2013 6:11,11/26/2013 6:16,41.8793563587,-87.6297910363,20,Dearborn St & Adams St,1023353,288,Subscriber
750,1952,State St & Van Buren St,41.882091,-87.639833,341,Canal St & Madison St,Female,1789,0,Canal St & Madison St,11/26/2013 10:31,11/26/2013 10:42,41.877181,-87.627844,3,State St & Van Buren St,1024606,630,Subscriber
750,1952,Canal St & Madison St,41.877181,-87.627844,3,State St & Van Buren St,Female,1603,0,State St & Van Buren St,11/26/2013 14:09,11/26/2013 14:20,41.882091,-87.639833,341,Canal St & Madison St,1025318,678,Subscriber
750,1994,Canal St & Madison St,41.887155,-87.62775,339,State St & Wacker Dr,Male,1692,0,State St & Wacker Dr,11/27/2013 14:53,11/27/2013 15:01,41.882091,-87.639833,341,Canal St & Madison St,1029000,459,Subscriber
750,1983,Clinton St & Tilden St,41.878724,-87.634793,7,Franklin St & Quincy St,Male,982,0,Franklin St & Quincy St,11/28/2013 0:39,11/28/2013 0:42,41.875885,-87.640795,37,Clinton St & Tilden St,1030259,208,Subscriber
750,1987,State St & Harrison St,41.875885,-87.640795,37,Clinton St & Tilden St,Male,1366,0,Clinton St & Tilden St,11/29/2013 13:59,11/29/2013 14:05,41.8739580629,-87.6277394859,30,State St & Harrison St,1032265,382,Subscriber
750,1961,Dearborn Pkwy & Delaware Pl,41.8739580629,-87.6277394859,30,State St & Harrison St,Male,3284,0,State St & Harrison St,11/30/2013 16:49,11/30/2013 17:03,41.899007,-87.629928,173,Dearborn Pkwy & Delaware Pl,1035235,825,Subscriber
750,,Clark St & North Ave,41.899007,-87.629928,173,Dearborn Pkwy & Delaware Pl,,1545,0,Dearborn Pkwy & Delaware Pl,11/30/2013 17:51,11/30/2013 17:57,41.911791,-87.631841,128,Clark St & North Ave,1035473,363,Customer
750,,Dayton St & North Ave,41.911791,-87.631841,128,Clark St & North Ave,,1597,0,Clark St & North Ave,11/30/2013 17:59,11/30/2013 18:07,41.9105780349,-87.6494219288,58,Dayton St & North Ave,1035494,446,Customer
750,,Racine Ave & Fullerton Ave,41.9105780349,-87.6494219288,58,Dayton St & North Ave,,1981,0,Dayton St & North Ave,11/30/2013 18:09,11/30/2013 18:22,41.92556258,-87.65840426,189,Racine Ave & Fullerton Ave,1035520,777,Customer
750,,Sheffield Ave & Webster Ave,41.92556258,-87.65840426,189,Racine Ave & Fullerton Ave,,817,0,Racine Ave & Fullerton Ave,12/1/2013 20:17,12/1/2013 20:22,41.921687,-87.653714,188,Sheffield Ave & Webster Ave,1038142,325,Customer
750,,Ashland Ave & Armitage Ave,41.921687,-87.653714,188,Sheffield Ave & Webster Ave,,1874,0,Sheffield Ave & Webster Ave,12/1/2013 20:31,12/1/2013 20:38,41.9178588677,-87.668919,25,Ashland Ave & Armitage Ave,1038161,432,Customer
750,1977,Southport Ave & Clybourn Ave,41.9178588677,-87.668919,25,Ashland Ave & Armitage Ave,Male,1054,0,Ashland Ave & Armitage Ave,12/2/2013 9:48,12/2/2013 9:53,41.921004,-87.663257,186,Southport Ave & Clybourn Ave,1039700,272,Subscriber
750,1977,Ashland Ave & Armitage Ave,41.921004,-87.663257,186,Southport Ave & Clybourn Ave,Male,1054,0,Southport Ave & Clybourn Ave,12/2/2013 20:19,12/2/2013 20:23,41.9178588677,-87.668919,25,Ashland Ave & Armitage Ave,1042564,252,Subscriber
750,1974,Lincoln Ave & Fullerton Ave,41.9178588677,-87.668919,25,Ashland Ave & Armitage Ave,Male,2807,0,Ashland Ave & Armitage Ave,12/3/2013 7:53,12/3/2013 8:05,41.925905,-87.64926,131,Lincoln Ave & Fullerton Ave,1043460,738,Subscriber
750,1990,Lincoln Ave & Armitage Ave,41.925905,-87.64926,131,Lincoln Ave & Fullerton Ave,Male,1266,0,Lincoln Ave & Fullerton Ave,12/3/2013 16:25,12/3/2013 16:29,41.918273,-87.638116,146,Lincoln Ave & Armitage Ave,1045937,289,Subscriber
750,1990,Halsted St & Wrightwood Ave,41.918273,-87.638116,146,Lincoln Ave & Armitage Ave,Male,2055,0,Lincoln Ave & Armitage Ave,12/3/2013 16:31,12/3/2013 16:37,41.929143,-87.649077,210,Halsted St & Wrightwood Ave,1045962,373,Subscriber
750,1973,Dearborn St & Monroe St,41.929143,-87.649077,210,Halsted St & Wrightwood Ave,Male,6224,0,Halsted St & Wrightwood Ave,12/5/2013 9:06,12/5/2013 9:33,41.881319815,-87.6295209193,49,Dearborn St & Monroe St,1054609,1614,Subscriber
750,1980,St Clair St & Erie St,41.881319815,-87.6295209193,49,Dearborn St & Monroe St,Female,2019,0,Dearborn St & Monroe St,12/5/2013 13:04,12/5/2013 13:13,41.894448,-87.622663,16,St Clair St & Erie St,1055472,592,Subscriber
750,1970,McClurg Ct & Illinois St,41.894448,-87.622663,16,St Clair St & Erie St,Female,826,0,St Clair St & Erie St,12/5/2013 14:52,12/5/2013 14:57,41.89102,-87.6173,51,McClurg Ct & Illinois St,1055800,300,Subscriber
750,1970,Canal St & Monroe St,41.89102,-87.6173,51,McClurg Ct & Illinois St,Female,3422,0,McClurg Ct & Illinois St,12/5/2013 16:01,12/5/2013 16:15,41.8807,-87.63947,56,Canal St & Monroe St,1056030,823,Subscriber
750,1980,Dearborn Pkwy & Delaware Pl,41.8807,-87.63947,56,Canal St & Monroe St,Male,2915,0,Canal St & Monroe St,12/5/2013 16:44,12/5/2013 16:58,41.899007,-87.629928,173,Dearborn Pkwy & Delaware Pl,1056254,822,Subscriber
750,1983,Wells St & Ohio St,41.899007,-87.629928,173,Dearborn Pkwy & Delaware Pl,Male,1288,0,Dearborn Pkwy & Delaware Pl,12/5/2013 17:08,12/5/2013 17:15,41.892238,-87.633985,264,Wells St & Ohio St,1056437,427,Subscriber
750,1988,Jefferson St & Monroe St,41.892238,-87.633985,264,Wells St & Ohio St,Female,2275,0,Wells St & Ohio St,12/5/2013 21:00,12/5/2013 21:09,41.880422,-87.642746,38,Jefferson St & Monroe St,1057517,500,Subscriber
750,,Franklin St & Jackson Blvd,41.8581806068,-87.6564866473,164,Racine Ave & 18th St,,4469,0,Racine Ave & 18th St,12/6/2013 6:55,12/6/2013 7:08,41.8777079559,-87.6353211408,19,Franklin St & Jackson Blvd,1057895,767,Customer
750,1976,Canal St & Madison St,41.8777079559,-87.6353211408,19,Franklin St & Jackson Blvd,Male,861,0,Franklin St & Jackson Blvd,12/6/2013 7:43,12/6/2013 7:48,41.882091,-87.639833,341,Canal St & Madison St,1058116,297,Subscriber
750,1983,Clark St & Congress Pkwy,41.882091,-87.639833,341,Canal St & Madison St,Male,1670,0,Canal St & Madison St,12/6/2013 8:14,12/6/2013 8:21,41.8759326655,-87.6305845355,9,Clark St & Congress Pkwy,1058301,439,Subscriber
750,1982,Aberdeen St & Madison St,41.8759326655,-87.6305845355,9,Clark St & Congress Pkwy,Male,2627,0,Clark St & Congress Pkwy,12/6/2013 8:28,12/6/2013 8:38,41.881487,-87.654752,156,Aberdeen St & Madison St,1058399,638,Subscriber
750,1982,Canal St & Jackson Blvd,41.881487,-87.654752,156,Aberdeen St & Madison St,Male,1615,0,Aberdeen St & Madison St,12/6/2013 17:14,12/6/2013 17:20,41.87811421,-87.63997112,138,Canal St & Jackson Blvd,1060346,374,Subscriber
750,,Museum Campus,41.87811421,-87.63997112,138,Canal St & Jackson Blvd,,3754,0,Canal St & Jackson Blvd,12/7/2013 11:40,12/7/2013 11:58,41.865212,-87.617759,29,Museum Campus,1061963,1121,Customer
